9
287.140759	-8.715540
287.140762	-9.615540
286.790659	-9.615540
286.790659	-57.015540
287.140759	-57.015540
287.140759	-57.915540
286.490659	-57.915540
286.490659	-8.715540
287.140759	-8.715540
5
287.140759	-57.615540
387.740559	-57.615540
387.740559	-57.915540
287.140759	-57.915540
287.140759	-57.615540
9
387.740559	-57.915540
387.740559	-57.015540
388.090659	-57.015540
388.090659	-9.615540
387.740559	-9.615540
387.740559	-8.715540
388.390659	-8.715540
388.390659	-57.915540
387.740559	-57.915540
5
387.740559	-9.015540
287.140759	-9.015901
287.140759	-8.715901
387.740559	-8.715901
387.740559	-9.015540
5
308.9 -26.2
366.3 -26.2
366.3 -40.43
308.9 -40.43
308.9 -26.2
5
302.940659	-41.215540
302.490659	-41.215540
302.490659	-40.615540
302.940659	-40.615540
302.940659	-41.215540
5
314.560659	-18.435540
313.920659	-18.435540
313.920659	-17.795540
314.560659	-17.795540
314.560659	-18.435540
5
308.665659	-33.615540
308.215659	-33.615540
308.215659	-33.015540
308.665659	-33.015540
308.665659	-33.615540
5
308.665659	-41.215540
308.215659	-41.215540
308.215659	-40.615540
308.665659	-40.615540
308.665659	-41.215540
5
287.820659	-56.935540
288.460659	-56.935540
288.460659	-56.295540
287.820659	-56.295540
287.820659	-56.935540
5
287.820659	-49.335540
288.460659	-49.335540
288.460659	-48.695540
287.820659	-48.695540
287.820659	-49.335540
7
288.460659	-49.335540
294.070659	-49.335540
294.070659	-48.635540
293.930659	-48.635540
293.930659	-49.210540
288.460659	-49.210540
288.460659	-49.335540
5
293.930665	-45.281786
294.070659	-45.281786
294.070659	-47.635540
293.930665	-47.635540
293.930665	-45.281786
9
288.140659	-43.103040
293.930659	-43.103040
293.930659	-42.554197
294.070659	-42.554197
294.070659	-44.281786
293.930659	-44.281786
293.930659	-43.228040
288.140659	-43.228040
288.140659	-43.103040
5
287.820659	-41.235540
288.460659	-41.235540
288.460659	-40.595540
287.820659	-40.595540
287.820659	-41.235540
5
287.820659	-33.635540
288.460659	-33.635540
288.460659	-32.995540
287.820659	-32.995540
287.820659	-33.635540
5
288.140659	-51.275540
289.351025	-51.275540
289.351025	-51.135540
288.140659	-51.135540
288.140659	-51.275540
9
290.970659	-56.965540
290.970659	-51.275469
290.351025	-51.275469
290.351025	-51.135540
292.295659	-51.135540
292.295659	-51.275540
291.110659	-51.275540
291.110659	-56.965520
290.970659	-56.965540
9
293.870659	-56.965540
293.870659	-51.275469
293.295659	-51.275469
293.295659	-51.135540
294.585659	-51.135540
294.585659	-51.275540
294.010659	-51.275540
294.010659	-56.965520
293.870659	-56.965540
9
296.770659	-56.965520
296.770659	-51.275448
295.585659	-51.275469
295.585659	-51.135540
298.356686	-51.135540
298.356686	-51.275540
296.910659	-51.275520
296.910659	-56.965500
296.770659	-56.965520
9
299.356686	-51.135540
299.920659	-51.135540
299.920659	-49.335540
300.060659	-49.335540
300.060660	-56.295540
299.920659	-56.295540
299.920659	-51.275540
299.356686	-51.275540
299.356686	-51.135540
13
287.790659	-49.235540
286.970659	-49.235540
286.970659	-48.795540
287.790659	-48.795540
287.790659	-48.640540
287.665659	-48.640540
287.665659	-48.615540
286.790659	-48.615540
286.790659	-49.415540
287.665659	-49.415540
287.665659	-49.390540
287.790659	-49.390540
287.790659	-49.235540
13
287.790659	-41.135540
286.970659	-41.135540
286.970659	-40.695540
287.790659	-40.695540
287.790659	-40.540540
287.665659	-40.540540
287.665659	-40.515540
286.790659	-40.515540
286.790659	-41.315540
287.665659	-41.315540
287.665659	-41.290540
287.790659	-41.290540
287.790659	-41.135540
13
287.790659	-33.535540
286.970659	-33.535540
286.970659	-33.095540
287.790659	-33.095540
287.790659	-32.940540
287.665659	-32.940540
287.665659	-32.915540
286.790659	-32.915540
286.790659	-33.715540
287.665659	-33.715540
287.665659	-33.690540
287.790659	-33.690540
287.790659	-33.535540
5
287.820659	-26.035540
288.460659	-26.035540
288.460659	-25.395540
287.820659	-25.395540
287.820659	-26.035540
13
287.790659	-25.935540
286.970659	-25.935540
286.970659	-25.495540
287.790659	-25.495540
287.790659	-25.340540
287.665659	-25.340540
287.665659	-25.315540
286.790659	-25.315540
286.790659	-26.115540
287.665659	-26.115540
287.665659	-26.090540
287.790659	-26.090540
287.790659	-25.935540
5
287.820659	-18.435540
288.460659	-18.435540
288.460659	-17.795540
287.820659	-17.795540
287.820659	-18.435540
13
287.790659	-18.335540
286.970659	-18.335540
286.970659	-17.895540
287.790659	-17.895540
287.790659	-17.740540
287.665659	-17.740540
287.665659	-17.715540
286.790659	-17.715540
286.790659	-18.515540
287.665659	-18.515540
287.665659	-18.490540
287.790659	-18.490540
287.790659	-18.335540
5
287.820659	-10.335540
288.460659	-10.335540
288.460659	-9.695540
287.820659	-9.695540
287.820659	-10.335540
17
299.420659	-17.795540
295.554091	-17.795540
295.554091	-17.935540
299.090659	-17.935540
299.090659	-19.005540
299.230659	-19.005540
299.230659	-18.885540
300.215644	-18.885540
300.215644	-18.745540
300.060659	-18.745540
300.060659	-18.435540
299.920659	-18.435540
299.920659	-18.745540
299.230659	-18.745540
299.230659	-17.935540
299.420659	-17.935540
299.420659	-17.795540
9
288.460659	-17.795540
294.254091	-17.795540
294.254091	-17.935540
294.070659	-17.935540
294.070659	-18.816944
293.930659	-18.816944
293.930659	-17.935540
288.460659	-17.935540
288.460659	-17.795540
9
288.140659	-20.175540
293.930659	-20.175540
293.930659	-19.816944
294.070659	-19.816944
294.070659	-20.874484
293.930659	-20.874484
293.930659	-20.300540
288.140659	-20.300540
288.140659	-20.175540
9
293.930659	-21.874484
293.930659	-22.730540
288.140659	-22.730540
288.140659	-22.855540
293.930659	-22.855540
293.930659	-24.078040
294.070659	-24.078040
294.070659	-21.874484
293.930659	-21.874484
9
293.930659	-25.078040
293.930659	-25.645540
288.460659	-25.645540
288.460659	-25.785540
293.930659	-25.785540
293.930659	-26.199484
294.070659	-26.199484
294.070659	-25.078040
293.930659	-25.078040
9
293.930659	-27.199484
293.930659	-27.785540
288.140659	-27.785540
288.140659	-27.910540
293.930659	-27.910540
293.930659	-28.474484
294.070659	-28.474484
294.070659	-27.199484
293.930659	-27.199484
9
293.930659	-29.474484
293.930659	-30.340540
288.140659	-30.340540
288.140659	-30.465540
293.930659	-30.465540
293.930659	-31.678040
294.070659	-31.678040
294.070659	-29.474484
293.930659	-29.474484
9
293.930659	-32.678040
293.930659	-33.253040
288.460659	-33.253040
288.460659	-33.378040
293.930659	-33.378040
293.930659	-33.799484
294.070659	-33.799484
294.070659	-32.678040
293.930659	-32.678040
9
293.930659	-40.278040
293.930659	-40.853040
288.460659	-40.853040
288.460659	-40.978040
293.930659	-40.978040
293.930659	-41.554197
294.070659	-41.554197
294.070659	-40.278040
293.930659	-40.278040
9
293.930659	-34.799484
293.930659	-35.378040
288.140659	-35.378040
288.140659	-35.503040
293.930659	-35.503040
293.930659	-36.074484
294.070659	-36.074484
294.070659	-34.799484
293.930659	-34.799484
9
293.930659	-37.074484
293.930659	-37.933040
288.140659	-37.933040
288.140659	-38.058040
293.930659	-38.058040
293.930659	-39.278040
294.070659	-39.278040
294.070659	-37.074484
293.930659	-37.074484
5
299.420659	-56.935540
300.060659	-56.935540
300.060659	-56.295540
299.420659	-56.295540
299.420659	-56.935540
5
299.420659	-49.335540
300.060659	-49.335540
300.060659	-48.695540
299.420659	-48.695540
299.420659	-49.335540
5
299.420659	-41.235540
300.060659	-41.235540
300.060659	-40.595540
299.420659	-40.595540
299.420659	-41.235540
5
299.420659	-33.635540
300.060659	-33.635540
300.060659	-32.995540
299.420659	-32.995540
299.420659	-33.635540
5
299.420659	-26.035540
300.060659	-26.035540
300.060659	-25.395540
299.420659	-25.395540
299.420659	-26.035540
5
299.420659	-18.435540
300.060659	-18.435540
300.060659	-17.795540
299.420659	-17.795540
299.420659	-18.435540
5
299.420659	-10.335540
300.060659	-10.335540
300.060659	-9.695540
299.420659	-9.695540
299.420659	-10.335540
13
306.190659	-18.135540
306.190659	-17.795540
302.470659	-17.795540
302.470659	-26.035540
308.610659	-26.035540
308.610659	-17.795540
308.190659	-17.795540
308.190659	-18.135540
308.270659	-18.135540
308.270659	-25.695540
302.810659	-25.695540
302.810659	-18.135540
306.190659	-18.135540
5
302.315644	-18.745540
302.470628	-18.745540
302.470628	-18.885540
302.315644	-18.885540
302.315644	-18.745540
9
299.920659	-25.395540
299.920659	-20.965540
299.090659	-20.965540
299.090659	-20.705540
299.230659	-20.705540
299.230659	-20.825540
300.060659	-20.825540
300.060659	-25.395540
299.920659	-25.395540
7
299.420659	-25.645540
295.920659	-25.645540
295.920659	-31.378040
296.060659	-31.378040
296.060659	-25.770540
299.420659	-25.770540
299.420659	-25.645540
9
299.420659	-33.253040
296.060659	-33.253040
296.060659	-32.678040
295.920659	-32.678040
295.920659	-35.953040
296.060659	-35.953040
296.060659	-33.378040
299.420659	-33.378040
299.420659	-33.253040
9
299.420659	-40.853040
296.060659	-40.853040
296.060659	-38.278040
295.920659	-38.278040
295.920659	-41.078040
296.060659	-41.078040
296.060659	-40.978040
299.420659	-40.978040
299.420659	-40.853040
13
299.935659	-33.635540
299.935659	-37.053040
296.060659	-37.053040
296.060659	-36.953040
295.920659	-36.953040
295.920659	-37.278040
296.060659	-37.278040
296.060659	-37.178040
299.935659	-37.178040
299.935659	-40.595540
300.060659	-40.595540
300.060659	-33.635540
299.935659	-33.635540
5
300.060659	-26.035540
299.935659	-26.035540
299.935659	-32.995540
300.060659	-32.995540
300.060659	-26.035540
7
302.470659	-51.095540
302.470659	-56.935540
303.060659	-56.935520
303.060659	-56.595540
302.810659	-56.595540
302.810659	-51.095540
302.470659	-51.095540
11
302.470659	-48.695540
308.610659	-48.695540
308.610659	-56.935540
308.020624	-56.935540
308.020658	-56.595540
308.270658	-56.595540
308.270659	-49.035540
302.810659	-49.035540
302.810644	-49.095540
302.470644	-49.095540
302.470659	-48.695540
5
302.470659	-48.695540
302.265652	-48.695540
302.265652	-48.835540
302.470659	-48.835540
302.470659	-48.695540
5
289.370663	-57.435540
289.810663	-57.435540
289.810663	-57.065540
289.370663	-57.065540
289.370663	-57.435540
5
290.820663	-57.435540
291.260663	-57.435540
291.260663	-57.065540
290.820663	-57.065540
290.820663	-57.435540
5
292.270663	-57.435540
292.710663	-57.435540
292.710663	-57.065540
292.270663	-57.065540
292.270663	-57.435540
5
293.720663	-57.435540
294.160663	-57.435540
294.160663	-57.065540
293.720663	-57.065540
293.720663	-57.435540
5
295.170663	-57.435540
295.610663	-57.435540
295.610663	-57.065540
295.170663	-57.065540
295.170663	-57.435540
5
296.620663	-57.435540
297.060663	-57.435540
297.060663	-57.065540
296.620663	-57.065540
296.620663	-57.435540
5
298.070663	-57.435540
298.510663	-57.435540
298.510663	-57.065540
298.070663	-57.065540
298.070663	-57.435540
5
299.520663	-57.435540
299.960663	-57.435540
299.960663	-57.065540
299.520663	-57.065540
299.520663	-57.435540
5
300.970663	-57.435540
301.410663	-57.435540
301.410663	-57.065540
300.970663	-57.065540
300.970663	-57.435540
5
302.420663	-57.435540
302.860663	-57.435540
302.860663	-57.065540
302.420663	-57.065540
302.420663	-57.435540
5
303.870663	-57.435540
304.310663	-57.435540
304.310663	-57.065540
303.870663	-57.065540
303.870663	-57.435540
5
305.320663	-57.435540
305.760663	-57.435540
305.760663	-57.065540
305.320663	-57.065540
305.320663	-57.435540
9
305.170663	-56.965540
305.910663	-56.965540
305.910663	-57.065540
305.860663	-57.065540
305.860663	-57.535540
305.220663	-57.535540
305.220663	-57.065540
305.170663	-57.065540
305.170663	-56.965540
5
306.770663	-57.435540
307.210663	-57.435540
307.210663	-57.065540
306.770663	-57.065540
306.770663	-57.435540
9
306.620663	-56.965540
307.360663	-56.965540
307.360663	-57.065540
307.310663	-57.065540
307.310663	-57.535540
306.670663	-57.535540
306.670663	-57.065540
306.620663	-57.065540
306.620663	-56.965540
9
303.720663	-56.965540
304.460663	-56.965540
304.460663	-57.065540
304.410663	-57.065540
304.410663	-57.535540
303.770663	-57.535540
303.770663	-57.065540
303.720663	-57.065540
303.720663	-56.965540
9
302.270663	-56.965540
303.010663	-56.965540
303.010663	-57.065540
302.960663	-57.065540
302.960663	-57.535540
302.320663	-57.535540
302.320663	-57.065540
302.270663	-57.065540
302.270663	-56.965540
9
300.820663	-56.965540
301.560663	-56.965540
301.560663	-57.065540
301.510663	-57.065540
301.510663	-57.535540
300.870663	-57.535540
300.870663	-57.065540
300.820663	-57.065540
300.820663	-56.965540
9
299.370663	-56.965540
300.110663	-56.965540
300.110663	-57.065540
300.060663	-57.065540
300.060663	-57.535540
299.420663	-57.535540
299.420663	-57.065540
299.370663	-57.065540
299.370663	-56.965540
9
297.920663	-56.965540
298.660663	-56.965540
298.660663	-57.065540
298.610663	-57.065540
298.610663	-57.535540
297.970663	-57.535540
297.970663	-57.065540
297.920663	-57.065540
297.920663	-56.965540
9
296.470663	-56.965540
297.210663	-56.965540
297.210663	-57.065540
297.160663	-57.065540
297.160663	-57.535540
296.520663	-57.535540
296.520663	-57.065540
296.470663	-57.065540
296.470663	-56.965540
9
295.020667	-56.965540
295.760667	-56.965540
295.760667	-57.065540
295.710667	-57.065540
295.710667	-57.535540
295.070667	-57.535540
295.070667	-57.065540
295.020667	-57.065540
295.020667	-56.965540
9
293.570667	-56.965540
294.310667	-56.965540
294.310667	-57.065540
294.260667	-57.065540
294.260667	-57.535540
293.620667	-57.535540
293.620667	-57.065540
293.570667	-57.065540
293.570667	-56.965540
9
292.120667	-56.965540
292.860667	-56.965540
292.860667	-57.065540
292.810667	-57.065540
292.810667	-57.535540
292.170667	-57.535540
292.170667	-57.065540
292.120667	-57.065540
292.120667	-56.965540
9
290.670667	-56.965540
291.410667	-56.965540
291.410667	-57.065540
291.360667	-57.065540
291.360667	-57.535540
290.720667	-57.535540
290.720667	-57.065540
290.670667	-57.065540
290.670667	-56.965540
9
289.220667	-56.965540
289.960667	-56.965540
289.960667	-57.065540
289.910667	-57.065540
289.910667	-57.535540
289.270667	-57.535540
289.270667	-57.065540
289.220667	-57.065540
289.220667	-56.965540
5
308.220659	-57.435540
308.660659	-57.435540
308.660659	-57.065540
308.220659	-57.065540
308.220659	-57.435540
9
308.070659	-56.965540
308.815659	-56.965540
308.815659	-57.065540
308.760659	-57.065540
308.760659	-57.535540
308.120659	-57.535540
308.120659	-57.065540
308.070659	-57.065540
308.070659	-56.965540
5
313.920659	-56.860540
314.560659	-56.860540
314.560659	-56.370540
313.920659	-56.370540
313.920659	-56.860540
5
314.020659	-57.435540
314.460659	-57.435540
314.460659	-57.065540
314.020659	-57.065540
314.020659	-57.435540
9
313.865659	-56.965540
314.615659	-56.965540
314.615659	-57.065540
314.560659	-57.065540
314.560659	-57.535540
313.920659	-57.535540
313.920659	-57.065540
313.865659	-57.065540
313.865659	-56.965540
5
313.920659	-56.860540
314.560659	-56.860540
314.560659	-56.370540
313.920659	-56.370540
313.920659	-56.860540
5
319.720659	-56.860540
320.360659	-56.860540
320.360659	-56.370540
319.720659	-56.370540
319.720659	-56.860540
5
325.520659	-56.860540
326.160659	-56.860540
326.160659	-56.370540
325.520659	-56.370540
325.520659	-56.860540
5
331.320659	-56.860540
331.960659	-56.860540
331.960659	-56.370540
331.320659	-56.370540
331.320659	-56.860540
5
337.120659	-56.860540
337.760659	-56.860540
337.760659	-56.370540
337.120659	-56.370540
337.120659	-56.860540
5
342.920659	-56.860540
343.560659	-56.860540
343.560659	-56.370540
342.920659	-56.370540
342.920659	-56.860540
5
348.720659	-56.860540
349.360659	-56.860540
349.360659	-56.370540
348.720659	-56.370540
348.720659	-56.860540
5
354.520659	-56.860540
355.160659	-56.860540
355.160659	-56.370540
354.520659	-56.370540
354.520659	-56.860540
5
360.320659	-56.860540
360.960659	-56.860540
360.960659	-56.370540
360.320659	-56.370540
360.320659	-56.860540
5
319.820659	-57.435540
320.260659	-57.435540
320.260659	-57.065540
319.820659	-57.065540
319.820659	-57.435540
9
319.665659	-56.965540
320.415659	-56.965540
320.415659	-57.065540
320.360659	-57.065540
320.360659	-57.535540
319.720659	-57.535540
319.720659	-57.065540
319.665659	-57.065540
319.665659	-56.965540
5
325.620659	-57.435540
326.060659	-57.435540
326.060659	-57.065540
325.620659	-57.065540
325.620659	-57.435540
9
325.465659	-56.965540
326.215659	-56.965540
326.215659	-57.065540
326.160659	-57.065540
326.160659	-57.535540
325.520659	-57.535540
325.520659	-57.065540
325.465659	-57.065540
325.465659	-56.965540
5
331.420659	-57.435540
331.860659	-57.435540
331.860659	-57.065540
331.420659	-57.065540
331.420659	-57.435540
9
331.265659	-56.965540
332.015659	-56.965540
332.015659	-57.065540
331.960659	-57.065540
331.960659	-57.535540
331.320659	-57.535540
331.320659	-57.065540
331.265659	-57.065540
331.265659	-56.965540
5
337.220659	-57.435540
337.660659	-57.435540
337.660659	-57.065540
337.220659	-57.065540
337.220659	-57.435540
9
337.065659	-56.965540
337.815659	-56.965540
337.815659	-57.065540
337.760659	-57.065540
337.760659	-57.535540
337.120659	-57.535540
337.120659	-57.065540
337.065659	-57.065540
337.065659	-56.965540
5
343.020659	-57.435540
343.460659	-57.435540
343.460659	-57.065540
343.020659	-57.065540
343.020659	-57.435540
9
342.865659	-56.965540
343.615659	-56.965540
343.615659	-57.065540
343.560659	-57.065540
343.560659	-57.535540
342.920659	-57.535540
342.920659	-57.065540
342.865659	-57.065540
342.865659	-56.965540
5
348.820659	-57.435540
349.260659	-57.435540
349.260659	-57.065540
348.820659	-57.065540
348.820659	-57.435540
9
348.665659	-56.965540
349.415659	-56.965540
349.415659	-57.065540
349.360659	-57.065540
349.360659	-57.535540
348.720659	-57.535540
348.720659	-57.065540
348.665659	-57.065540
348.665659	-56.965540
5
354.620659	-57.435540
355.060659	-57.435540
355.060659	-57.065540
354.620659	-57.065540
354.620659	-57.435540
9
354.465659	-56.965540
355.215659	-56.965540
355.215659	-57.065540
355.160659	-57.065540
355.160659	-57.535540
354.520659	-57.535540
354.520659	-57.065540
354.465659	-57.065540
354.465659	-56.965540
5
360.420659	-57.435540
360.860659	-57.435540
360.860659	-57.065540
360.420659	-57.065540
360.420659	-57.435540
9
360.265659	-56.965540
361.015659	-56.965540
361.015659	-57.065540
360.960659	-57.065540
360.960659	-57.535540
360.320659	-57.535540
360.320659	-57.065540
360.265659	-57.065540
360.265659	-56.965540
5
374.820659	-56.935540
375.460659	-56.935540
375.460659	-56.295540
374.820659	-56.295540
374.820659	-56.935540
7
372.410659	-51.095540
372.410659	-56.935540
371.820659	-56.935520
371.820659	-56.595540
372.070659	-56.595540
372.070659	-51.095540
372.410659	-51.095540
11
372.410659	-48.695540
366.270659	-48.695540
366.270659	-56.935540
366.860695	-56.935540
366.860661	-56.595540
366.610661	-56.595540
366.610659	-49.035540
372.070659	-49.035540
372.070675	-49.095540
372.410675	-49.095540
372.410659	-48.695540
5
387.060659	-56.935540
386.420659	-56.935540
386.420659	-56.295540
387.060659	-56.295540
387.060659	-56.935540
5
385.510656	-57.435540
385.070656	-57.435540
385.070656	-57.065540
385.510656	-57.065540
385.510656	-57.435540
5
384.060656	-57.435540
383.620656	-57.435540
383.620656	-57.065540
384.060656	-57.065540
384.060656	-57.435540
5
382.610656	-57.435540
382.170656	-57.435540
382.170656	-57.065540
382.610656	-57.065540
382.610656	-57.435540
5
381.160656	-57.435540
380.720656	-57.435540
380.720656	-57.065540
381.160656	-57.065540
381.160656	-57.435540
5
379.710656	-57.435540
379.270656	-57.435540
379.270656	-57.065540
379.710656	-57.065540
379.710656	-57.435540
5
378.260656	-57.435540
377.820656	-57.435540
377.820656	-57.065540
378.260656	-57.065540
378.260656	-57.435540
5
376.810656	-57.435540
376.370656	-57.435540
376.370656	-57.065540
376.810656	-57.065540
376.810656	-57.435540
5
375.360656	-57.435540
374.920656	-57.435540
374.920656	-57.065540
375.360656	-57.065540
375.360656	-57.435540
5
373.910656	-57.435540
373.470656	-57.435540
373.470656	-57.065540
373.910656	-57.065540
373.910656	-57.435540
9
374.060656	-56.965540
373.320656	-56.965540
373.320656	-57.065540
373.370656	-57.065540
373.370656	-57.535540
374.010656	-57.535540
374.010656	-57.065540
374.060656	-57.065540
374.060656	-56.965540
9
375.510656	-56.965540
374.770656	-56.965540
374.770656	-57.065540
374.820656	-57.065540
374.820656	-57.535540
375.460656	-57.535540
375.460656	-57.065540
375.510656	-57.065540
375.510656	-56.965540
9
376.960656	-56.965540
376.220656	-56.965540
376.220656	-57.065540
376.270656	-57.065540
376.270656	-57.535540
376.910656	-57.535540
376.910656	-57.065540
376.960656	-57.065540
376.960656	-56.965540
9
378.410656	-56.965540
377.670656	-56.965540
377.670656	-57.065540
377.720656	-57.065540
377.720656	-57.535540
378.360656	-57.535540
378.360656	-57.065540
378.410656	-57.065540
378.410656	-56.965540
9
379.860652	-56.965540
379.120652	-56.965540
379.120652	-57.065540
379.170652	-57.065540
379.170652	-57.535540
379.810652	-57.535540
379.810652	-57.065540
379.860652	-57.065540
379.860652	-56.965540
9
381.310652	-56.965540
380.570652	-56.965540
380.570652	-57.065540
380.620652	-57.065540
380.620652	-57.535540
381.260652	-57.535540
381.260652	-57.065540
381.310652	-57.065540
381.310652	-56.965540
9
382.760652	-56.965540
382.020652	-56.965540
382.020652	-57.065540
382.070652	-57.065540
382.070652	-57.535540
382.710652	-57.535540
382.710652	-57.065540
382.760652	-57.065540
382.760652	-56.965540
9
384.210652	-56.965540
383.470652	-56.965540
383.470652	-57.065540
383.520652	-57.065540
383.520652	-57.535540
384.160652	-57.535540
384.160652	-57.065540
384.210652	-57.065540
384.210652	-56.965540
9
385.660652	-56.965540
384.920652	-56.965540
384.920652	-57.065540
384.970652	-57.065540
384.970652	-57.535540
385.610652	-57.535540
385.610652	-57.065540
385.660652	-57.065540
385.660652	-56.965540
7
387.140656	-57.615540
387.740559	-57.615540
387.740559	-57.015540
387.640559	-57.015540
387.640559	-57.515540
387.140656	-57.515540
387.140656	-57.615540
13
388.010659	-56.295540
387.190659	-56.295534
387.190659	-56.240540
387.090659	-56.240540
387.090659	-56.395536
387.910659	-56.395540
387.910659	-56.835540
387.090659	-56.835540
387.090659	-56.965540
387.190659	-56.965540
387.190659	-56.935540
388.010659	-56.935540
388.010659	-56.295540
5
386.960663	-57.435540
386.520663	-57.435540
386.520663	-57.065540
386.960663	-57.065540
386.960663	-57.435540
9
387.090659	-56.965540
386.370656	-56.965540
386.370656	-57.065540
386.420656	-57.065540
386.420659	-57.535540
387.060659	-57.535540
387.060656	-57.065540
387.090659	-57.065540
387.090659	-56.965540
7
287.740663	-57.615540
287.140759	-57.615540
287.140759	-57.015540
287.240759	-57.015540
287.240759	-57.515540
287.740663	-57.515540
287.740663	-57.615540
13
286.870659	-56.295540
287.690659	-56.295534
287.690659	-56.240536
287.790659	-56.240540
287.790659	-56.395536
286.970659	-56.395540
286.970659	-56.835540
287.790659	-56.835540
287.790659	-56.965540
287.690659	-56.965540
287.690659	-56.935540
286.870659	-56.935540
286.870659	-56.295540
5
287.920656	-57.435540
288.360656	-57.435540
288.360656	-57.065540
287.920656	-57.065540
287.920656	-57.435540
9
287.790659	-56.965540
288.510663	-56.965540
288.510663	-57.065540
288.460663	-57.065540
288.460659	-57.535540
287.820659	-57.535540
287.820663	-57.065540
287.790659	-57.065540
287.790659	-56.965540
5
371.010656	-57.435540
370.570656	-57.435540
370.570656	-57.065540
371.010656	-57.065540
371.010656	-57.435540
5
369.560656	-57.435540
369.120656	-57.435540
369.120656	-57.065540
369.560656	-57.065540
369.560656	-57.435540
9
369.710656	-56.965540
368.970656	-56.965540
368.970656	-57.065540
369.020656	-57.065540
369.020656	-57.535540
369.660656	-57.535540
369.660656	-57.065540
369.710656	-57.065540
369.710656	-56.965540
5
368.110656	-57.435540
367.670656	-57.435540
367.670656	-57.065540
368.110656	-57.065540
368.110656	-57.435540
9
368.260656	-56.965540
367.520656	-56.965540
367.520656	-57.065540
367.570656	-57.065540
367.570656	-57.535540
368.210656	-57.535540
368.210656	-57.065540
368.260656	-57.065540
368.260656	-56.965540
9
371.160656	-56.965540
370.420656	-56.965540
370.420656	-57.065540
370.470656	-57.065540
370.470656	-57.535540
371.110656	-57.535540
371.110656	-57.065540
371.160656	-57.065540
371.160656	-56.965540
5
366.660659	-57.435540
366.220659	-57.435540
366.220659	-57.065540
366.660659	-57.065540
366.660659	-57.435540
9
366.810659	-56.965540
366.065659	-56.965540
366.065659	-57.065540
366.120659	-57.065540
366.120659	-57.535540
366.760659	-57.535540
366.760659	-57.065540
366.810659	-57.065540
366.810659	-56.965540
5
372.020656	-57.435540
372.460656	-57.435540
372.460656	-57.065540
372.020656	-57.065540
372.020656	-57.435540
9
371.870656	-56.965540
372.610656	-56.965540
372.610656	-57.065540
372.560656	-57.065540
372.560656	-57.535540
371.920656	-57.535540
371.920656	-57.065540
371.870656	-57.065540
371.870656	-56.965540
5
300.060644	-48.695540
300.265652	-48.695540
300.265652	-48.835540
300.060644	-48.835540
300.060644	-48.695540
5
372.410659	-48.695540
372.615667	-48.695540
372.615667	-48.835540
372.410659	-48.835540
372.410659	-48.695540
5
374.820675	-48.695540
374.615667	-48.695540
374.615667	-48.835540
374.820675	-48.835540
374.820675	-48.695540
5
375.460659	-49.335540
374.820659	-49.335540
374.820659	-48.695540
375.460659	-48.695540
375.460659	-49.335540
5
360.960659	-49.335540
360.320659	-49.335540
360.320659	-48.695540
360.960659	-48.695540
360.960659	-49.335540
5
355.160659	-49.335540
354.520659	-49.335540
354.520659	-48.695540
355.160659	-48.695540
355.160659	-49.335540
5
349.360659	-49.335540
348.720659	-49.335540
348.720659	-48.695540
349.360659	-48.695540
349.360659	-49.335540
5
343.560659	-49.335540
342.920659	-49.335540
342.920659	-48.695540
343.560659	-48.695540
343.560659	-49.335540
5
337.760659	-49.335540
337.120659	-49.335540
337.120659	-48.695540
337.760659	-48.695540
337.760659	-49.335540
5
331.960659	-49.335540
331.320659	-49.335540
331.320659	-48.695540
331.960659	-48.695540
331.960659	-49.335540
5
326.160659	-49.335540
325.520659	-49.335540
325.520659	-48.695540
326.160659	-48.695540
326.160659	-49.335540
5
320.360659	-49.335540
319.720659	-49.335540
319.720659	-48.695540
320.360659	-48.695540
320.360659	-49.335540
5
320.360659	-49.335540
319.720659	-49.335540
319.720659	-48.695540
320.360659	-48.695540
320.360659	-49.335540
5
337.370659	-49.335540
337.510659	-49.335540
337.510659	-56.370540
337.370659	-56.370540
337.370659	-49.335540
5
331.570659	-49.335540
331.710659	-49.335540
331.710659	-56.370540
331.570659	-56.370540
331.570659	-49.335540
5
325.770659	-49.335540
325.910659	-49.335540
325.910659	-56.370540
325.770659	-56.370540
325.770659	-49.335540
5
319.970659	-49.335540
320.110659	-49.335540
320.110659	-56.370540
319.970659	-56.370540
319.970659	-49.335540
5
314.170659	-49.335540
314.310659	-49.335540
314.310659	-56.370540
314.170659	-56.370540
314.170659	-49.335540
5
314.560659	-49.335540
313.920659	-49.335540
313.920659	-48.695540
314.560659	-48.695540
314.560659	-49.335540
5
320.360659	-48.835540
320.685659	-48.835540
320.685659	-48.695540
320.360659	-48.695540
320.360659	-48.835540
5
325.520659	-48.835540
325.195659	-48.835540
325.195659	-48.695540
325.520659	-48.695540
325.520659	-48.835540
9
324.195659	-48.695541
321.685659	-48.695541
321.685659	-48.835540
322.870659	-48.835540
322.870659	-56.615540
323.010659	-56.615540
323.010659	-48.835540
324.195659	-48.835540
324.195659	-48.695540
5
314.560659	-48.835540
314.885659	-48.835540
314.885659	-48.695540
314.560659	-48.695540
314.560659	-48.835540
5
319.720659	-48.835540
319.395659	-48.835540
319.395659	-48.695540
319.720659	-48.695540
319.720659	-48.835540
9
318.395659	-48.695541
315.885659	-48.695541
315.885659	-48.835540
317.070659	-48.835540
317.070659	-56.615540
317.210659	-56.615540
317.210659	-48.835540
318.395659	-48.835540
318.395659	-48.695540
5
308.610659	-48.835540
309.085659	-48.835540
309.085659	-48.695540
308.610659	-48.695540
308.610659	-48.835540
5
313.920659	-48.835540
313.595659	-48.835540
313.595659	-48.695540
313.920659	-48.695540
313.920659	-48.835540
9
312.595659	-48.695541
310.085659	-48.695541
310.085659	-48.835540
311.270659	-48.835540
311.270659	-56.615540
311.410659	-56.615540
311.410659	-48.835540
312.595659	-48.835540
312.595659	-48.695540
5
326.160659	-48.835540
326.485659	-48.835540
326.485659	-48.695540
326.160659	-48.695540
326.160659	-48.835540
9
329.995659	-48.695541
327.485659	-48.695541
327.485659	-48.835540
328.670659	-48.835540
328.670659	-56.615540
328.810659	-56.615540
328.810659	-48.835540
329.995659	-48.835540
329.995659	-48.695540
5
331.960659	-48.835540
332.285659	-48.835540
332.285659	-48.695540
331.960659	-48.695540
331.960659	-48.835540
9
335.795659	-48.695541
333.285659	-48.695541
333.285659	-48.835540
334.470659	-48.835540
334.470659	-56.615540
334.610659	-56.615540
334.610659	-48.835540
335.795659	-48.835540
335.795659	-48.695540
5
331.320659	-48.835540
330.995659	-48.835540
330.995659	-48.695540
331.320659	-48.695540
331.320659	-48.835540
5
337.120659	-48.835540
336.795659	-48.835540
336.795659	-48.695540
337.120659	-48.695540
337.120659	-48.835540
5
337.760659	-48.835540
338.085659	-48.835540
338.085659	-48.695540
337.760659	-48.695540
337.760659	-48.835540
9
341.595659	-48.695541
339.085659	-48.695541
339.085659	-48.835540
340.270659	-48.835540
340.270659	-56.615540
340.410659	-56.615540
340.410659	-48.835540
341.595659	-48.835540
341.595659	-48.695540
5
342.920659	-48.835540
342.595659	-48.835540
342.595659	-48.695540
342.920659	-48.695540
342.920659	-48.835540
5
343.170659	-49.335540
343.310659	-49.335540
343.310659	-56.370540
343.170659	-56.370540
343.170659	-49.335540
5
343.560659	-48.835540
343.885659	-48.835540
343.885659	-48.695540
343.560659	-48.695540
343.560659	-48.835540
9
347.395659	-48.695541
344.885659	-48.695541
344.885659	-48.835540
346.070659	-48.835540
346.070659	-56.615540
346.210659	-56.615540
346.210659	-48.835540
347.395659	-48.835540
347.395659	-48.695540
5
348.720659	-48.835540
348.395659	-48.835540
348.395659	-48.695540
348.720659	-48.695540
348.720659	-48.835540
5
348.970659	-49.335540
349.110659	-49.335540
349.110659	-56.370540
348.970659	-56.370540
348.970659	-49.335540
5
349.360659	-48.835540
349.685659	-48.835540
349.685659	-48.695540
349.360659	-48.695540
349.360659	-48.835540
9
353.195659	-48.695541
350.685659	-48.695541
350.685659	-48.835540
351.870659	-48.835540
351.870659	-56.615540
352.010659	-56.615540
352.010659	-48.835540
353.195659	-48.835540
353.195659	-48.695540
5
354.520659	-48.835540
354.195659	-48.835540
354.195659	-48.695540
354.520659	-48.695540
354.520659	-48.835540
5
354.770659	-49.335540
354.910659	-49.335540
354.910659	-56.370540
354.770659	-56.370540
354.770659	-49.335540
5
355.160659	-48.835540
355.485659	-48.835540
355.485659	-48.695540
355.160659	-48.695540
355.160659	-48.835540
9
358.995659	-48.695541
356.485659	-48.695541
356.485659	-48.835540
357.670659	-48.835540
357.670659	-56.615540
357.810659	-56.615540
357.810659	-48.835540
358.995659	-48.835540
358.995659	-48.695540
5
360.320659	-48.835540
359.995659	-48.835540
359.995659	-48.695540
360.320659	-48.695540
360.320659	-48.835540
5
360.570659	-49.335540
360.710659	-49.335540
360.710659	-56.370540
360.570659	-56.370540
360.570659	-49.335540
5
360.960659	-48.835540
361.285659	-48.835540
361.285659	-48.695540
360.960659	-48.695540
360.960659	-48.835540
9
364.795659	-48.695541
362.285659	-48.695541
362.285659	-48.835540
363.470659	-48.835540
363.470659	-56.615540
363.610659	-56.615540
363.610659	-48.835540
364.795659	-48.835540
364.795659	-48.695540
5
366.270659	-48.835540
365.795659	-48.835540
365.795659	-48.695540
366.270659	-48.695540
366.270659	-48.835540
5
319.740659	-40.690540
320.340659	-40.690540
320.340659	-41.140540
319.740659	-41.140540
319.740659	-40.690540
5
313.940659	-40.690540
314.540659	-40.690540
314.540659	-41.140540
313.940659	-41.140540
313.940659	-40.690540
9
313.790659	-41.140540
313.790659	-39.865540
314.690659	-39.865540
314.690659	-41.140540
314.540659	-41.140540
314.540659	-40.015540
313.940659	-40.015540
313.940659	-41.140540
313.790659	-41.140540
9
319.590659	-41.140540
319.590659	-39.865540
320.490659	-39.865540
320.490659	-41.140540
320.340659	-41.140540
320.340659	-40.015540
319.740659	-40.015540
319.740659	-41.140540
319.590659	-41.140540
9
314.170659	-41.140540
314.170659	-46.105540
313.595659	-46.105540
313.595659	-46.245540
314.885659	-46.245540
314.885659	-46.105540
314.310661	-46.105540
314.310661	-41.140540
314.170659	-41.140540
9
317.070659	-40.495540
317.070659	-46.105540
315.885659	-46.105540
315.885659	-46.245540
318.395659	-46.245540
318.395659	-46.105540
317.210659	-46.105540
317.210659	-40.495540
317.070659	-40.495540
9
311.270659	-40.495540
311.270659	-46.105540
310.085659	-46.105540
310.085659	-46.245540
312.595659	-46.245540
312.595659	-46.105540
311.410659	-46.105540
311.410659	-40.495540
311.270659	-40.495540
9
319.970659	-41.140540
319.970659	-46.105540
319.395659	-46.105540
319.395659	-46.245540
320.685659	-46.245540
320.685659	-46.105540
320.110661	-46.105540
320.110661	-41.140540
319.970659	-41.140540
9
322.870659	-40.495540
322.870659	-46.105540
321.685659	-46.105540
321.685659	-46.245540
324.195659	-46.245540
324.195659	-46.105540
323.010659	-46.105540
323.010659	-40.495540
322.870659	-40.495540
9
325.770659	-41.140540
325.770659	-46.105540
325.195659	-46.105540
325.195659	-46.245540
326.485659	-46.245540
326.485659	-46.105540
325.910661	-46.105540
325.910661	-41.140540
325.770659	-41.140540
9
328.670659	-40.495540
328.670659	-46.105540
327.485659	-46.105540
327.485659	-46.245540
329.995659	-46.245540
329.995659	-46.105540
328.810659	-46.105540
328.810659	-40.495540
328.670659	-40.495540
9
331.570659	-41.140540
331.570659	-46.105540
330.995659	-46.105540
330.995659	-46.245540
332.285659	-46.245540
332.285659	-46.105540
331.710661	-46.105540
331.710661	-41.140540
331.570659	-41.140540
9
334.470659	-40.495540
334.470659	-46.105540
333.285659	-46.105540
333.285659	-46.245540
335.795659	-46.245540
335.795659	-46.105540
334.610659	-46.105540
334.610659	-40.495540
334.470659	-40.495540
9
337.370659	-41.140540
337.370659	-46.105540
336.795659	-46.105540
336.795659	-46.245540
338.085659	-46.245540
338.085659	-46.105540
337.510661	-46.105540
337.510661	-41.140540
337.370659	-41.140540
9
340.270659	-40.495540
340.270659	-46.105540
339.085659	-46.105540
339.085659	-46.245540
341.595659	-46.245540
341.595659	-46.105540
340.410659	-46.105540
340.410659	-40.495540
340.270659	-40.495540
9
343.170659	-41.140540
343.170659	-46.105540
342.595659	-46.105540
342.595659	-46.245540
343.885659	-46.245540
343.885659	-46.105540
343.310661	-46.105540
343.310661	-41.140540
343.170659	-41.140540
9
346.070659	-40.495540
346.070659	-46.105540
344.885659	-46.105540
344.885659	-46.245540
347.395659	-46.245540
347.395659	-46.105540
346.210659	-46.105540
346.210659	-40.495540
346.070659	-40.495540
9
348.970659	-41.140540
348.970659	-46.105540
348.395659	-46.105540
348.395659	-46.245540
349.685659	-46.245540
349.685659	-46.105540
349.110661	-46.105540
349.110661	-41.140540
348.970659	-41.140540
9
351.870659	-40.495540
351.870659	-46.105540
350.685659	-46.105540
350.685659	-46.245540
353.195659	-46.245540
353.195659	-46.105540
352.010659	-46.105540
352.010659	-40.495540
351.870659	-40.495540
9
354.770659	-41.140540
354.770659	-46.105540
354.195659	-46.105540
354.195659	-46.245540
355.485659	-46.245540
355.485659	-46.105540
354.910661	-46.105540
354.910661	-41.140540
354.770659	-41.140540
9
357.670659	-40.495540
357.670659	-46.105540
356.485659	-46.105540
356.485659	-46.245540
358.995659	-46.245540
358.995659	-46.105540
357.810659	-46.105540
357.810659	-40.495540
357.670659	-40.495540
9
360.570659	-41.140540
360.570659	-46.105540
359.995659	-46.105540
359.995659	-46.245540
361.285659	-46.245540
361.285659	-46.105540
360.710661	-46.105540
360.710661	-41.140540
360.570659	-41.140540
9
363.470659	-40.495540
363.470659	-46.105540
362.285659	-46.105540
362.285659	-46.245540
364.795659	-46.245540
364.795659	-46.105540
363.610659	-46.105540
363.610659	-40.495540
363.470659	-40.495540
5
325.540659	-40.690540
326.140659	-40.690540
326.140659	-41.140540
325.540659	-41.140540
325.540659	-40.690540
9
325.390659	-41.140540
325.390659	-39.865540
326.290659	-39.865540
326.290659	-41.140540
326.140659	-41.140540
326.140659	-40.015540
325.540659	-40.015540
325.540659	-41.140540
325.390659	-41.140540
5
331.340659	-40.690540
331.940659	-40.690540
331.940659	-41.140540
331.340659	-41.140540
331.340659	-40.690540
9
331.190659	-41.140540
331.190659	-39.865540
332.090659	-39.865540
332.090659	-41.140540
331.940659	-41.140540
331.940659	-40.015540
331.340659	-40.015540
331.340659	-41.140540
331.190659	-41.140540
5
337.140659	-40.690540
337.740659	-40.690540
337.740659	-41.140540
337.140659	-41.140540
337.140659	-40.690540
9
336.990659	-41.140540
336.990659	-39.865540
337.890659	-39.865540
337.890659	-41.140540
337.740659	-41.140540
337.740659	-40.015540
337.140659	-40.015540
337.140659	-41.140540
336.990659	-41.140540
5
342.940659	-40.690540
343.540659	-40.690540
343.540659	-41.140540
342.940659	-41.140540
342.940659	-40.690540
9
342.790659	-41.140540
342.790659	-39.865540
343.690659	-39.865540
343.690659	-41.140540
343.540659	-41.140540
343.540659	-40.015540
342.940659	-40.015540
342.940659	-41.140540
342.790659	-41.140540
5
348.740659	-40.690540
349.340659	-40.690540
349.340659	-41.140540
348.740659	-41.140540
348.740659	-40.690540
9
348.590659	-41.140540
348.590659	-39.865540
349.490659	-39.865540
349.490659	-41.140540
349.340659	-41.140540
349.340659	-40.015540
348.740659	-40.015540
348.740659	-41.140540
348.590659	-41.140540
5
354.540659	-40.690540
355.140659	-40.690540
355.140659	-41.140540
354.540659	-41.140540
354.540659	-40.690540
9
354.390659	-41.140540
354.390659	-39.865540
355.290659	-39.865540
355.290659	-41.140540
355.140659	-41.140540
355.140659	-40.015540
354.540659	-40.015540
354.540659	-41.140540
354.390659	-41.140540
5
360.340659	-40.690540
360.940659	-40.690540
360.940659	-41.140540
360.340659	-41.140540
360.340659	-40.690540
9
360.190659	-41.140540
360.190659	-39.865540
361.090659	-39.865540
361.090659	-41.140540
360.940659	-41.140540
360.940659	-40.015540
360.340659	-40.015540
360.340659	-41.140540
360.190659	-41.140540
5
325.540659	-25.940540
326.140659	-25.940540
326.140659	-25.490540
325.540659	-25.490540
325.540659	-25.940540
5
331.340659	-25.940540
331.940659	-25.940540
331.940659	-25.490540
331.340659	-25.490540
331.340659	-25.940540
5
337.140659	-25.940540
337.740659	-25.940540
337.740659	-25.490540
337.140659	-25.490540
337.140659	-25.940540
5
313.940659	-25.940540
314.540659	-25.940540
314.540659	-25.490540
313.940659	-25.490540
313.940659	-25.940540
5
319.740659	-25.940540
320.340659	-25.940540
320.340659	-25.490540
319.740659	-25.490540
319.740659	-25.940540
5
342.940659	-25.940540
343.540659	-25.940540
343.540659	-25.490540
342.940659	-25.490540
342.940659	-25.940540
5
348.740659	-25.940540
349.340659	-25.940540
349.340659	-25.490540
348.740659	-25.490540
348.740659	-25.940540
5
354.540659	-25.940540
355.140659	-25.940540
355.140659	-25.490540
354.540659	-25.490540
354.540659	-25.940540
5
360.340659	-25.940540
360.940659	-25.940540
360.940659	-25.490540
360.340659	-25.490540
360.340659	-25.940540
9
313.790659	-25.490540
313.790659	-26.765540
314.690659	-26.765540
314.690659	-25.490540
314.540659	-25.490540
314.540659	-26.615540
313.940659	-26.615540
313.940659	-25.490540
313.790659	-25.490540
9
319.590659	-25.490540
319.590659	-26.765540
320.490659	-26.765540
320.490659	-25.490540
320.340659	-25.490540
320.340659	-26.615540
319.740659	-26.615540
319.740659	-25.490540
319.590659	-25.490540
9
325.390659	-25.490540
325.390659	-26.765540
326.290659	-26.765540
326.290659	-25.490540
326.140659	-25.490540
326.140659	-26.615540
325.540659	-26.615540
325.540659	-25.490540
325.390659	-25.490540
9
331.190659	-25.490540
331.190659	-26.765540
332.090659	-26.765540
332.090659	-25.490540
331.940659	-25.490540
331.940659	-26.615540
331.340659	-26.615540
331.340659	-25.490540
331.190659	-25.490540
9
336.990659	-25.490540
336.990659	-26.765540
337.890659	-26.765540
337.890659	-25.490540
337.740659	-25.490540
337.740659	-26.615540
337.140659	-26.615540
337.140659	-25.490540
336.990659	-25.490540
9
342.790659	-25.490540
342.790659	-26.765540
343.690659	-26.765540
343.690659	-25.490540
343.540659	-25.490540
343.540659	-26.615540
342.940659	-26.615540
342.940659	-25.490540
342.790659	-25.490540
9
348.590659	-25.490540
348.590659	-26.765540
349.490659	-26.765540
349.490659	-25.490540
349.340659	-25.490540
349.340659	-26.615540
348.740659	-26.615540
348.740659	-25.490540
348.590659	-25.490540
9
354.390659	-25.490540
354.390659	-26.765540
355.290659	-26.765540
355.290659	-25.490540
355.140659	-25.490540
355.140659	-26.615540
354.540659	-26.615540
354.540659	-25.490540
354.390659	-25.490540
9
360.190659	-25.490540
360.190659	-26.765540
361.090659	-26.765540
361.090659	-25.490540
360.940659	-25.490540
360.940659	-26.615540
360.340659	-26.615540
360.340659	-25.490540
360.190659	-25.490540
5
366.215659	-33.015540
366.215659	-33.615540
366.665659	-33.615540
366.665659	-33.015540
366.215659	-33.015540
9
366.665659	-33.765540
365.390659	-33.765540
365.390659	-32.865540
366.665659	-32.865540
366.665659	-33.015540
365.540659	-33.015540
365.540659	-33.615540
366.665659	-33.615540
366.665659	-33.765540
9
308.215659	-33.765540
309.490659	-33.765540
309.490659	-32.865540
308.215659	-32.865540
308.215659	-33.015540
309.340659	-33.015540
309.340659	-33.615540
308.215659	-33.615540
308.215659	-33.765540
13
300.060644	-48.695540
300.060659	-48.285540
299.230659	-48.285540
299.230659	-48.161117
299.090659	-48.161117
299.090659	-49.335540
299.420659	-49.335540
299.420659	-49.195540
299.230659	-49.195540
299.230659	-48.425540
299.935659	-48.425540
299.935659	-48.695540
300.060644	-48.695545
13
295.920659	-42.078040
295.920659	-45.995540
299.090659	-45.995540
299.090659	-46.461117
299.230659	-46.461117
299.230659	-46.335540
300.060659	-46.335540
300.060659	-41.235540
299.935659	-41.235540
299.935659	-45.870540
296.060659	-45.870540
296.060659	-42.078040
295.920659	-42.078040
5
299.230659	-46.195540
299.935659	-46.195540
299.935659	-45.995540
299.230659	-45.995540
299.230659	-46.195540
5
300.060659	-17.795540
299.920659	-17.795540
299.920659	-10.335540
300.060659	-10.335540
300.060659	-17.795540
5
289.370663	-9.195540
289.810663	-9.195540
289.810663	-9.565540
289.370663	-9.565540
289.370663	-9.195540
5
290.820663	-9.195540
291.260663	-9.195540
291.260663	-9.565540
290.820663	-9.565540
290.820663	-9.195540
5
292.270663	-9.195540
292.710663	-9.195540
292.710663	-9.565540
292.270663	-9.565540
292.270663	-9.195540
5
293.720663	-9.195540
294.160663	-9.195540
294.160663	-9.565540
293.720663	-9.565540
293.720663	-9.195540
5
295.170663	-9.195540
295.610663	-9.195540
295.610663	-9.565540
295.170663	-9.565540
295.170663	-9.195540
5
296.620663	-9.195540
297.060663	-9.195540
297.060663	-9.565540
296.620663	-9.565540
296.620663	-9.195540
5
298.070663	-9.195540
298.510663	-9.195540
298.510663	-9.565540
298.070663	-9.565540
298.070663	-9.195540
5
299.520663	-9.195540
299.960663	-9.195540
299.960663	-9.565540
299.520663	-9.565540
299.520663	-9.195540
5
300.970663	-9.195540
301.410663	-9.195540
301.410663	-9.565540
300.970663	-9.565540
300.970663	-9.195540
5
302.420663	-9.195540
302.860663	-9.195540
302.860663	-9.565540
302.420663	-9.565540
302.420663	-9.195540
5
303.870663	-9.195540
304.310663	-9.195540
304.310663	-9.565540
303.870663	-9.565540
303.870663	-9.195540
5
305.320663	-9.195540
305.760663	-9.195540
305.760663	-9.565540
305.320663	-9.565540
305.320663	-9.195540
9
305.170663	-9.665540
305.910663	-9.665540
305.910663	-9.565540
305.860663	-9.565540
305.860663	-9.095540
305.220663	-9.095540
305.220663	-9.565540
305.170663	-9.565540
305.170663	-9.665540
5
306.770663	-9.195540
307.210663	-9.195540
307.210663	-9.565540
306.770663	-9.565540
306.770663	-9.195540
9
306.620663	-9.665540
307.360663	-9.665540
307.360663	-9.565540
307.310663	-9.565540
307.310663	-9.095540
306.670663	-9.095540
306.670663	-9.565540
306.620663	-9.565540
306.620663	-9.665540
9
303.720663	-9.665540
304.460663	-9.665540
304.460663	-9.565540
304.410663	-9.565540
304.410663	-9.095540
303.770663	-9.095540
303.770663	-9.565540
303.720663	-9.565540
303.720663	-9.665540
9
302.270663	-9.665540
303.010663	-9.665540
303.010663	-9.565540
302.960663	-9.565540
302.960663	-9.095540
302.320663	-9.095540
302.320663	-9.565540
302.270663	-9.565540
302.270663	-9.665540
9
300.820663	-9.665540
301.560663	-9.665540
301.560663	-9.565540
301.510663	-9.565540
301.510663	-9.095540
300.870663	-9.095540
300.870663	-9.565540
300.820663	-9.565540
300.820663	-9.665540
9
299.370663	-9.665540
300.110663	-9.665540
300.110663	-9.565540
300.060663	-9.565540
300.060663	-9.095540
299.420663	-9.095540
299.420663	-9.565540
299.370663	-9.565540
299.370663	-9.665540
9
297.920663	-9.665540
298.660663	-9.665540
298.660663	-9.565540
298.610663	-9.565540
298.610663	-9.095540
297.970663	-9.095540
297.970663	-9.565540
297.920663	-9.565540
297.920663	-9.665540
9
296.470663	-9.665540
297.210663	-9.665540
297.210663	-9.565540
297.160663	-9.565540
297.160663	-9.095540
296.520663	-9.095540
296.520663	-9.565540
296.470663	-9.565540
296.470663	-9.665540
9
295.020667	-9.665540
295.760667	-9.665540
295.760667	-9.565540
295.710667	-9.565540
295.710667	-9.095540
295.070667	-9.095540
295.070667	-9.565540
295.020667	-9.565540
295.020667	-9.665540
9
293.570667	-9.665540
294.310667	-9.665540
294.310667	-9.565540
294.260667	-9.565540
294.260667	-9.095540
293.620667	-9.095540
293.620667	-9.565540
293.570667	-9.565540
293.570667	-9.665540
9
292.120667	-9.665540
292.860667	-9.665540
292.860667	-9.565540
292.810667	-9.565540
292.810667	-9.095540
292.170667	-9.095540
292.170667	-9.565540
292.120667	-9.565540
292.120667	-9.665540
9
290.670667	-9.665540
291.410667	-9.665540
291.410667	-9.565540
291.360667	-9.565540
291.360667	-9.095540
290.720667	-9.095540
290.720667	-9.565540
290.670667	-9.565540
290.670667	-9.665540
9
289.220667	-9.665540
289.960667	-9.665540
289.960667	-9.565540
289.910667	-9.565540
289.910667	-9.095540
289.270667	-9.095540
289.270667	-9.565540
289.220667	-9.565540
289.220667	-9.665540
5
308.220659	-9.195540
308.660659	-9.195540
308.660659	-9.565540
308.220659	-9.565540
308.220659	-9.195540
9
308.070659	-9.665540
308.815659	-9.665540
308.815659	-9.565540
308.760659	-9.565540
308.760659	-9.095540
308.120659	-9.095540
308.120659	-9.565540
308.070659	-9.565540
308.070659	-9.665540
7
287.740663	-9.015540
287.140759	-9.015540
287.140759	-9.615540
287.240759	-9.615540
287.240759	-9.115540
287.740663	-9.115540
287.740663	-9.015540
5
287.920656	-9.195540
288.360656	-9.195540
288.360656	-9.565540
287.920656	-9.565540
287.920656	-9.195540
9
287.790659	-9.665540
288.510663	-9.665540
288.510663	-9.565540
288.460663	-9.565540
288.460659	-9.095540
287.820659	-9.095540
287.820663	-9.565540
287.790659	-9.565540
287.790659	-9.665540
15
304.864555	-46.105540
302.610659	-46.105540
302.610659	-42.295540
303.458223	-42.295540
303.458223	-42.155540
302.610659	-42.155540
302.610659	-41.215540
302.490659	-41.215540
302.490659	-40.615540
302.610659	-40.615540
302.610659	-40.221764
302.470659	-40.221764
302.470659	-46.245540
304.864555	-46.245540
304.864555	-46.105540
11
308.215659	-41.075540
302.940659	-41.075540
302.940659	-41.215540
304.420644	-41.215540
304.420644	-42.155540
304.258223	-42.155540
304.258223	-42.295540
304.560644	-42.295540
304.560644	-41.215540
308.215659	-41.215540
308.215659	-41.075540
5
302.470659	-33.635540
302.960659	-33.635540
302.960659	-32.995540
302.470659	-32.995540
302.470659	-33.635540
5
302.470659	-33.930906
302.610659	-33.930906
302.610659	-33.635540
302.470659	-33.635540
302.470659	-33.930906
33
304.730720	-44.675529
304.730720	-44.815529
306.280720	-44.815538
306.280720	-46.105539
305.864555	-46.105539
305.864555	-46.245540
309.085659	-46.245540
309.085659	-46.105540
308.390644	-46.105539
308.390644	-41.310540
308.760659	-41.310540
308.760659	-36.435540
308.620659	-36.435540
308.620659	-38.425540
304.930673	-38.425540
304.930673	-36.435540
304.790673	-36.435540
304.790673	-38.425540
302.610659	-38.425540
302.610659	-34.930906
302.470659	-34.930906
302.470659	-39.421764
302.610659	-39.421764
302.610659	-38.565540
308.620659	-38.565540
308.620659	-40.615540
308.665659	-40.615540
308.665659	-41.215540
308.250644	-41.215540
308.250644	-46.105539
306.420720	-46.105544
306.420729	-44.675539
304.730720	-44.675529
15
302.960659	-33.495540
307.915659	-33.495540
307.915659	-32.995540
308.215659	-32.995540
308.215659	-33.115540
308.035659	-33.115540
308.035659	-33.495540
308.215659	-33.495540
308.215659	-33.635540
304.930673	-33.635540
304.930673	-34.735540
304.790673	-34.735540
304.790673	-33.635540
302.960659	-33.635540
302.960659	-33.495540
5
302.610628	-26.409316
302.470628	-26.409316
302.470628	-26.035540
302.610628	-26.035540
302.610628	-26.409316
5
302.470659	-31.603020
302.610659	-31.603020
302.610659	-32.995540
302.470659	-32.995540
302.470659	-31.603020
27
308.610659	-26.035540
308.610659	-30.343093
302.610659	-30.343093
302.610659	-30.603020
302.470659	-30.603020
302.470659	-29.488020
302.610659	-29.488020
302.610659	-30.203093
305.930659	-30.203093
305.930659	-29.803093
306.070659	-29.803093
306.070659	-30.203093
308.470659	-30.203093
308.470659	-28.203093
306.070659	-28.203093
306.070659	-28.803093
305.930659	-28.803093
305.930659	-28.203093
302.610659	-28.203093
302.610659	-28.488020
302.470659	-28.488020
302.470659	-27.209316
302.610628	-27.209316
302.610659	-28.063093
308.470628	-28.063093
308.470659	-26.035540
308.610659	-26.035540
13
368.690659	-18.135540
368.690659	-17.795540
372.410659	-17.795540
372.410659	-26.035540
366.270659	-26.035540
366.270659	-17.795540
366.690659	-17.795540
366.690659	-18.135540
366.610659	-18.135540
366.610659	-25.695540
372.070659	-25.695540
372.070659	-18.135540
368.690659	-18.135540
5
308.120659	-10.260540
308.760659	-10.260540
308.760659	-9.770540
308.120659	-9.770540
308.120659	-10.260540
5
313.920659	-10.260540
314.560659	-10.260540
314.560659	-9.770540
313.920659	-9.770540
313.920659	-10.260540
5
319.720659	-10.260540
320.360659	-10.260540
320.360659	-9.770540
319.720659	-9.770540
319.720659	-10.260540
5
325.520659	-10.260540
326.160659	-10.260540
326.160659	-9.770540
325.520659	-9.770540
325.520659	-10.260540
5
331.320659	-10.260540
331.960659	-10.260540
331.960659	-9.770540
331.320659	-9.770540
331.320659	-10.260540
5
337.120659	-10.260540
337.760659	-10.260540
337.760659	-9.770540
337.120659	-9.770540
337.120659	-10.260540
5
342.920659	-10.260540
343.560659	-10.260540
343.560659	-9.770540
342.920659	-9.770540
342.920659	-10.260540
5
348.720659	-10.260540
349.360659	-10.260540
349.360659	-9.770540
348.720659	-9.770540
348.720659	-10.260540
5
354.520659	-10.260540
355.160659	-10.260540
355.160659	-9.770540
354.520659	-9.770540
354.520659	-10.260540
5
360.320659	-10.260540
360.960659	-10.260540
360.960659	-9.770540
360.320659	-9.770540
360.320659	-10.260540
5
366.120659	-10.260540
366.760659	-10.260540
366.760659	-9.770540
366.120659	-9.770540
366.120659	-10.260540
5
374.820659	-10.335540
375.460659	-10.335540
375.460659	-9.695540
374.820659	-9.695540
374.820659	-10.335540
5
386.420659	-10.335540
387.060659	-10.335540
387.060659	-9.695540
386.420659	-9.695540
386.420659	-10.335540
5
374.820659	-9.695540
375.460659	-9.695540
375.460659	-10.335540
374.820659	-10.335540
374.820659	-9.695540
5
387.060659	-9.695540
386.420659	-9.695540
386.420659	-10.335540
387.060659	-10.335540
387.060659	-9.695540
5
385.510656	-9.195540
385.070656	-9.195540
385.070656	-9.565540
385.510656	-9.565540
385.510656	-9.195540
5
384.060656	-9.195540
383.620656	-9.195540
383.620656	-9.565540
384.060656	-9.565540
384.060656	-9.195540
5
382.610656	-9.195540
382.170656	-9.195540
382.170656	-9.565540
382.610656	-9.565540
382.610656	-9.195540
5
381.160656	-9.195540
380.720656	-9.195540
380.720656	-9.565540
381.160656	-9.565540
381.160656	-9.195540
5
379.710656	-9.195540
379.270656	-9.195540
379.270656	-9.565540
379.710656	-9.565540
379.710656	-9.195540
5
378.260656	-9.195540
377.820656	-9.195540
377.820656	-9.565540
378.260656	-9.565540
378.260656	-9.195540
5
376.810656	-9.195540
376.370656	-9.195540
376.370656	-9.565540
376.810656	-9.565540
376.810656	-9.195540
5
375.360656	-9.195540
374.920656	-9.195540
374.920656	-9.565540
375.360656	-9.565540
375.360656	-9.195540
5
373.910656	-9.195540
373.470656	-9.195540
373.470656	-9.565540
373.910656	-9.565540
373.910656	-9.195540
9
374.060656	-9.665540
373.320656	-9.665540
373.320656	-9.565540
373.370656	-9.565540
373.370656	-9.095540
374.010656	-9.095540
374.010656	-9.565540
374.060656	-9.565540
374.060656	-9.665540
9
375.510656	-9.665540
374.770656	-9.665540
374.770656	-9.565540
374.820656	-9.565540
374.820656	-9.095540
375.460656	-9.095540
375.460656	-9.565540
375.510656	-9.565540
375.510656	-9.665540
9
376.960656	-9.665540
376.220656	-9.665540
376.220656	-9.565540
376.270656	-9.565540
376.270656	-9.095540
376.910656	-9.095540
376.910656	-9.565540
376.960656	-9.565540
376.960656	-9.665540
9
378.410656	-9.665540
377.670656	-9.665540
377.670656	-9.565540
377.720656	-9.565540
377.720656	-9.095540
378.360656	-9.095540
378.360656	-9.565540
378.410656	-9.565540
378.410656	-9.665540
9
379.860652	-9.665540
379.120652	-9.665540
379.120652	-9.565540
379.170652	-9.565540
379.170652	-9.095540
379.810652	-9.095540
379.810652	-9.565540
379.860652	-9.565540
379.860652	-9.665540
9
381.310652	-9.665540
380.570652	-9.665540
380.570652	-9.565540
380.620652	-9.565540
380.620652	-9.095540
381.260652	-9.095540
381.260652	-9.565540
381.310652	-9.565540
381.310652	-9.665540
9
382.760652	-9.665540
382.020652	-9.665540
382.020652	-9.565540
382.070652	-9.565540
382.070652	-9.095540
382.710652	-9.095540
382.710652	-9.565540
382.760652	-9.565540
382.760652	-9.665540
9
384.210652	-9.665540
383.470652	-9.665540
383.470652	-9.565540
383.520652	-9.565540
383.520652	-9.095540
384.160652	-9.095540
384.160652	-9.565540
384.210652	-9.565540
384.210652	-9.665540
9
385.660652	-9.665540
384.920652	-9.665540
384.920652	-9.565540
384.970652	-9.565540
384.970652	-9.095540
385.610652	-9.095540
385.610652	-9.565540
385.660652	-9.565540
385.660652	-9.665540
7
387.140656	-9.015540
387.740559	-9.015540
387.740559	-9.615540
387.640559	-9.615540
387.640559	-9.115540
387.140656	-9.115540
387.140656	-9.015540
5
386.960663	-9.195540
386.520663	-9.195540
386.520663	-9.565540
386.960663	-9.565540
386.960663	-9.195540
9
387.090659	-9.665540
386.370656	-9.665540
386.370656	-9.565540
386.420656	-9.565540
386.420659	-9.095540
387.060659	-9.095540
387.060656	-9.565540
387.090659	-9.565540
387.090659	-9.665540
5
371.010656	-9.195540
370.570656	-9.195540
370.570656	-9.565540
371.010656	-9.565540
371.010656	-9.195540
5
369.560656	-9.195540
369.120656	-9.195540
369.120656	-9.565540
369.560656	-9.565540
369.560656	-9.195540
9
369.710656	-9.665540
368.970656	-9.665540
368.970656	-9.565540
369.020656	-9.565540
369.020656	-9.095540
369.660656	-9.095540
369.660656	-9.565540
369.710656	-9.565540
369.710656	-9.665540
5
368.110656	-9.195540
367.670656	-9.195540
367.670656	-9.565540
368.110656	-9.565540
368.110656	-9.195540
9
368.260656	-9.665540
367.520656	-9.665540
367.520656	-9.565540
367.570656	-9.565540
367.570656	-9.095540
368.210656	-9.095540
368.210656	-9.565540
368.260656	-9.565540
368.260656	-9.665540
9
371.160656	-9.665540
370.420656	-9.665540
370.420656	-9.565540
370.470656	-9.565540
370.470656	-9.095540
371.110656	-9.095540
371.110656	-9.565540
371.160656	-9.565540
371.160656	-9.665540
5
372.020656	-9.195540
372.460656	-9.195540
372.460656	-9.565540
372.020656	-9.565540
372.020656	-9.195540
9
371.870656	-9.665540
372.610656	-9.665540
372.610656	-9.565540
372.560656	-9.565540
372.560656	-9.095540
371.920656	-9.095540
371.920656	-9.565540
371.870656	-9.565540
371.870656	-9.665540
21
371.190659	-11.975540
366.290659	-11.975540
366.290659	-14.495540
366.960659	-14.495540
366.960659	-14.175540
366.590659	-14.175540
366.590659	-12.275540
368.590659	-12.275540
368.590659	-14.175540
368.220659	-14.175540
368.220659	-14.495540
369.260659	-14.495540
369.260659	-14.175540
368.890659	-14.175540
368.890659	-12.275540
370.890659	-12.275540
370.890659	-14.175540
370.520659	-14.175540
370.520659	-14.495540
371.190659	-14.495540
371.190659	-11.975540
5
371.190659	-11.165540
371.050659	-11.165540
371.050659	-11.975540
371.190659	-11.975540
371.190659	-11.165540
5
371.190659	-10.365540
371.050659	-10.365540
371.050659	-9.665540
371.190659	-9.665540
371.190659	-10.365540
5
372.410659	-10.365540
372.270659	-10.365540
372.270659	-9.665540
372.410659	-9.665540
372.410659	-10.365540
7
372.270659	-11.165540
372.270659	-14.355540
371.190659	-14.355540
371.190659	-14.495540
372.410659	-14.495540
372.410659	-11.165540
372.270659	-11.165540
5
376.375659	-14.495540
381.105659	-14.495540
381.105659	-14.355540
376.375659	-14.355540
376.375659	-14.495540
7
374.820659	-10.335540
374.820659	-14.495540
375.075659	-14.495540
375.075659	-14.355540
374.960659	-14.355540
374.960659	-10.335540
374.820659	-10.335540
5
382.405659	-14.495540
386.965659	-14.495540
386.965659	-14.355540
382.405659	-14.355540
382.405659	-14.495540
5
320.360659	-18.435540
319.720659	-18.435540
319.720659	-17.795540
320.360659	-17.795540
320.360659	-18.435540
5
326.160659	-18.435540
325.520659	-18.435540
325.520659	-17.795540
326.160659	-17.795540
326.160659	-18.435540
5
337.760659	-18.435540
337.120659	-18.435540
337.120659	-17.795540
337.760659	-17.795540
337.760659	-18.435540
5
343.560659	-18.435540
342.920659	-18.435540
342.920659	-17.795540
343.560659	-17.795540
343.560659	-18.435540
5
349.360659	-18.435540
348.720659	-18.435540
348.720659	-17.795540
349.360659	-17.795540
349.360659	-18.435540
5
355.160659	-18.435540
354.520659	-18.435540
354.520659	-17.795540
355.160659	-17.795540
355.160659	-18.435540
5
360.960659	-18.435540
360.320659	-18.435540
360.320659	-17.795540
360.960659	-17.795540
360.960659	-18.435540
21
303.690659	-11.975540
308.590659	-11.975540
308.590659	-14.495540
307.920660	-14.495540
307.920660	-14.175540
308.290659	-14.175540
308.290659	-12.275540
306.290659	-12.275540
306.290659	-14.175540
306.660660	-14.175540
306.660660	-14.495540
305.620660	-14.495540
305.620660	-14.175540
305.990659	-14.175540
305.990659	-12.275540
303.990659	-12.275540
303.990659	-14.175540
304.360660	-14.175540
304.360660	-14.495540
303.690659	-14.495540
303.690659	-11.975540
19
308.760659	-10.260540
308.760659	-15.255540
312.240659	-15.255540
312.240659	-15.395540
309.750659	-15.395540
309.750659	-15.545540
309.610659	-15.545540
309.610659	-15.395540
308.620659	-15.395540
308.620659	-14.495540
308.590659	-14.495540
308.590659	-14.355540
308.620659	-14.355540
308.620659	-12.115540
308.590659	-12.115540
308.590659	-11.975540
308.620659	-11.975540
308.620659	-10.260540
308.760659	-10.260540
9
314.170659	-10.260540
314.170659	-15.255540
313.540659	-15.255540
313.540659	-15.395540
318.040659	-15.395540
318.040659	-15.255540
314.310659	-15.255540
314.310659	-10.260540
314.170659	-10.260540
9
322.870659	-10.015540
322.870659	-15.255540
321.685659	-15.255540
321.685659	-15.395540
324.195659	-15.395540
324.195659	-15.255540
323.010659	-15.255540
323.010659	-10.015540
322.870659	-10.015540
9
319.970659	-10.260540
319.970659	-15.255540
319.340659	-15.255540
319.340659	-15.395540
320.685659	-15.395540
320.685659	-15.255540
320.110659	-15.255540
320.110659	-10.260540
319.970659	-10.260540
9
328.670659	-10.015540
328.670659	-15.255540
327.485659	-15.255540
327.485659	-15.395540
329.995659	-15.395540
329.995659	-15.255540
328.810659	-15.255540
328.810659	-10.015540
328.670659	-10.015540
9
325.770659	-10.260540
325.770659	-15.255540
325.195659	-15.255540
325.195659	-15.395540
326.485659	-15.395540
326.485659	-15.255540
325.910659	-15.255540
325.910659	-10.260540
325.770659	-10.260540
9
334.470659	-10.015540
334.470659	-15.255540
333.285659	-15.255540
333.285659	-15.395540
335.795659	-15.395540
335.795659	-15.255540
334.610659	-15.255540
334.610659	-10.015540
334.470659	-10.015540
9
331.570659	-10.260540
331.570659	-15.255540
330.995659	-15.255540
330.995659	-15.395540
332.285659	-15.395540
332.285659	-15.255540
331.710659	-15.255540
331.710659	-10.260540
331.570659	-10.260540
9
340.270659	-10.015540
340.270659	-15.255540
339.085659	-15.255540
339.085659	-15.395540
341.595659	-15.395540
341.595659	-15.255540
340.410659	-15.255540
340.410659	-10.015540
340.270659	-10.015540
9
337.370659	-10.260540
337.370659	-15.255540
336.795659	-15.255540
336.795659	-15.395540
338.085659	-15.395540
338.085659	-15.255540
337.510659	-15.255540
337.510659	-10.260540
337.370659	-10.260540
9
346.070659	-10.015540
346.070659	-15.255540
344.885659	-15.255540
344.885659	-15.395540
347.395659	-15.395540
347.395659	-15.255540
346.210659	-15.255540
346.210659	-10.015540
346.070659	-10.015540
9
343.170659	-10.260540
343.170659	-15.255540
342.595659	-15.255540
342.595659	-15.395540
343.885659	-15.395540
343.885659	-15.255540
343.310659	-15.255540
343.310659	-10.260540
343.170659	-10.260540
9
351.870659	-10.015540
351.870659	-15.255540
350.685659	-15.255540
350.685659	-15.395540
353.195659	-15.395540
353.195659	-15.255540
352.010659	-15.255540
352.010659	-10.015540
351.870659	-10.015540
9
348.970659	-10.260540
348.970659	-15.255540
348.395659	-15.255540
348.395659	-15.395540
349.685659	-15.395540
349.685659	-15.255540
349.110659	-15.255540
349.110659	-10.260540
348.970659	-10.260540
9
354.770659	-10.260540
354.770659	-15.255540
354.195659	-15.255540
354.195659	-15.395540
355.540659	-15.395540
355.540659	-15.255540
354.910659	-15.255540
354.910659	-10.260540
354.770659	-10.260540
9
360.570659	-10.260540
360.570659	-15.255540
356.840659	-15.255540
356.840659	-15.395540
361.340659	-15.395540
361.340659	-15.255540
360.710659	-15.255540
360.710659	-10.260540
360.570659	-10.260540
19
366.120659	-10.260540
366.120659	-15.255540
362.640659	-15.255540
362.640659	-15.395540
365.130659	-15.395540
365.130659	-15.545540
365.270659	-15.545540
365.270659	-15.395540
366.260659	-15.395540
366.260659	-14.495540
366.290659	-14.495540
366.290659	-14.355540
366.260659	-14.355540
366.260659	-12.115540
366.290659	-12.115540
366.290659	-11.975540
366.260659	-11.975540
366.260659	-10.260540
366.120659	-10.260540
5
314.170659	-25.490540
314.310659	-25.490540
314.310659	-18.435540
314.170659	-18.435540
314.170659	-25.490540
5
348.970659	-25.490540
349.110659	-25.490540
349.110659	-18.435540
348.970659	-18.435540
348.970659	-25.490540
5
354.770659	-25.490540
354.910659	-25.490540
354.910659	-18.435540
354.770659	-18.435540
354.770659	-25.490540
5
360.570659	-25.490540
360.710659	-25.490540
360.710659	-18.435540
360.570659	-18.435540
360.570659	-25.490540
5
331.320659	-19.435540
331.460659	-19.435540
331.460659	-18.435540
331.320659	-18.435540
331.320659	-19.435540
5
331.320659	-25.490540
331.460659	-25.490540
331.460659	-20.435540
331.320659	-20.435540
331.320659	-25.490540
5
320.360659	-19.435540
320.220659	-19.435540
320.220659	-18.435540
320.360659	-18.435540
320.360659	-19.435540
5
320.360659	-25.490540
320.220659	-25.490540
320.220659	-20.435540
320.360659	-20.435540
320.360659	-25.490540
5
325.910659	-19.435540
325.770659	-19.435540
325.770659	-18.435540
325.910659	-18.435540
325.910659	-19.435540
5
325.910659	-25.490540
325.770659	-25.490540
325.770659	-20.435540
325.910659	-20.435540
325.910659	-25.490540
5
319.340659	-17.935540
319.720659	-17.935540
319.720659	-17.795540
319.340659	-17.795540
319.340659	-17.935540
5
318.040659	-17.935540
314.560659	-17.935540
314.560659	-17.795540
318.040659	-17.795540
318.040659	-17.935540
5
313.540659	-17.935540
313.920659	-17.935540
313.920659	-17.795540
313.540659	-17.795540
313.540659	-17.935540
9
308.610659	-17.795540
309.610659	-17.795540
309.610659	-17.645540
309.750659	-17.645540
309.750659	-17.795540
312.540659	-17.795540
312.540659	-17.935540
308.610659	-17.935540
308.610659	-17.795540
5
320.740659	-17.935540
320.360659	-17.935540
320.360659	-17.795540
320.740659	-17.795540
320.740659	-17.935540
5
322.040659	-17.935540
325.520659	-17.935540
325.520659	-17.795540
322.040659	-17.795540
322.040659	-17.935540
5
331.960659	-18.435540
331.320659	-18.435540
331.320659	-17.795540
331.960659	-17.795540
331.960659	-18.435540
5
337.760659	-18.435540
337.120659	-18.435540
337.120659	-17.795540
337.760659	-17.795540
337.760659	-18.435540
5
330.940659	-17.935540
331.320659	-17.935540
331.320659	-17.795540
330.940659	-17.795540
330.940659	-17.935540
5
329.640659	-17.935540
326.160659	-17.935540
326.160659	-17.795540
329.640659	-17.795540
329.640659	-17.935540
5
332.340659	-17.935540
331.960659	-17.935540
331.960659	-17.795540
332.340659	-17.795540
332.340659	-17.935540
5
333.640659	-17.935540
337.120659	-17.935540
337.120659	-17.795540
333.640659	-17.795540
333.640659	-17.935540
5
338.140659	-17.935540
337.760659	-17.935540
337.760659	-17.795540
338.140659	-17.795540
338.140659	-17.935540
5
339.140659	-17.935540
342.920659	-17.935540
342.920659	-17.795540
339.140659	-17.795540
339.140659	-17.935540
5
349.740659	-17.935540
349.360659	-17.935540
349.360659	-17.795540
349.740659	-17.795540
349.740659	-17.935540
5
350.740659	-17.935540
354.520659	-17.935540
354.520659	-17.795540
350.740659	-17.795540
350.740659	-17.935540
5
348.340659	-17.935540
348.720659	-17.935540
348.720659	-17.795540
348.340659	-17.795540
348.340659	-17.935540
5
347.340659	-17.935540
343.560659	-17.935540
343.560659	-17.795540
347.340659	-17.795540
347.340659	-17.935540
5
361.340659	-17.935540
360.960659	-17.935540
360.960659	-17.795540
361.340659	-17.795540
361.340659	-17.935540
5
359.940659	-17.935540
360.320659	-17.935540
360.320659	-17.795540
359.940659	-17.795540
359.940659	-17.935540
5
358.940659	-17.935540
355.160659	-17.935540
355.160659	-17.795540
358.940659	-17.795540
358.940659	-17.935540
9
365.130659	-17.645540
365.130659	-17.795540
362.340659	-17.795540
362.340659	-17.935540
366.270659	-17.935540
366.270659	-17.795540
365.270659	-17.795540
365.270659	-17.645540
365.130659	-17.645540
5
325.620659	-9.195540
326.060659	-9.195540
326.060659	-9.565540
325.620659	-9.565540
325.620659	-9.195540
9
325.465659	-9.665540
326.215659	-9.665540
326.215659	-9.565540
326.160659	-9.565540
326.160659	-9.095540
325.520659	-9.095540
325.520659	-9.565540
325.465659	-9.565540
325.465659	-9.665540
5
331.420659	-9.195540
331.860659	-9.195540
331.860659	-9.565540
331.420659	-9.565540
331.420659	-9.195540
9
331.265659	-9.665540
332.015659	-9.665540
332.015659	-9.565540
331.960659	-9.565540
331.960659	-9.095540
331.320659	-9.095540
331.320659	-9.565540
331.265659	-9.565540
331.265659	-9.665540
5
337.220659	-9.195540
337.660659	-9.195540
337.660659	-9.565540
337.220659	-9.565540
337.220659	-9.195540
9
337.065659	-9.665540
337.815659	-9.665540
337.815659	-9.565540
337.760659	-9.565540
337.760659	-9.095540
337.120659	-9.095540
337.120659	-9.565540
337.065659	-9.565540
337.065659	-9.665540
5
343.020659	-9.195540
343.460659	-9.195540
343.460659	-9.565540
343.020659	-9.565540
343.020659	-9.195540
9
342.865659	-9.665540
343.615659	-9.665540
343.615659	-9.565540
343.560659	-9.565540
343.560659	-9.095540
342.920659	-9.095540
342.920659	-9.565540
342.865659	-9.565540
342.865659	-9.665540
5
348.820659	-9.195540
349.260659	-9.195540
349.260659	-9.565540
348.820659	-9.565540
348.820659	-9.195540
9
348.665659	-9.665540
349.415659	-9.665540
349.415659	-9.565540
349.360659	-9.565540
349.360659	-9.095540
348.720659	-9.095540
348.720659	-9.565540
348.665659	-9.565540
348.665659	-9.665540
5
354.620659	-9.195540
355.060659	-9.195540
355.060659	-9.565540
354.620659	-9.565540
354.620659	-9.195540
9
354.465659	-9.665540
355.215659	-9.665540
355.215659	-9.565540
355.160659	-9.565540
355.160659	-9.095540
354.520659	-9.095540
354.520659	-9.565540
354.465659	-9.565540
354.465659	-9.665540
5
360.420659	-9.195540
360.860659	-9.195540
360.860659	-9.565540
360.420659	-9.565540
360.420659	-9.195540
9
360.265659	-9.665540
361.015659	-9.665540
361.015659	-9.565540
360.960659	-9.565540
360.960659	-9.095540
360.320659	-9.095540
360.320659	-9.565540
360.265659	-9.565540
360.265659	-9.665540
5
366.660659	-9.195540
366.220659	-9.195540
366.220659	-9.565540
366.660659	-9.565540
366.660659	-9.195540
9
366.810659	-9.665540
366.065659	-9.665540
366.065659	-9.565540
366.120659	-9.565540
366.120659	-9.095540
366.760659	-9.095540
366.760659	-9.565540
366.810659	-9.565540
366.810659	-9.665540
5
314.020659	-9.195540
314.460659	-9.195540
314.460659	-9.565540
314.020659	-9.565540
314.020659	-9.195540
9
313.865659	-9.665540
314.615659	-9.665540
314.615659	-9.565540
314.560659	-9.565540
314.560659	-9.095540
313.920659	-9.095540
313.920659	-9.565540
313.865659	-9.565540
313.865659	-9.665540
5
319.820659	-9.195540
320.260659	-9.195540
320.260659	-9.565540
319.820659	-9.565540
319.820659	-9.195540
9
319.665659	-9.665540
320.415659	-9.665540
320.415659	-9.565540
320.360659	-9.565540
320.360659	-9.095540
319.720659	-9.095540
319.720659	-9.565540
319.665659	-9.565540
319.665659	-9.665540
5
371.940659	-41.215540
372.390659	-41.215540
372.390659	-40.615540
371.940659	-40.615540
371.940659	-41.215540
5
375.460659	-41.235540
374.820659	-41.235540
374.820659	-40.595540
375.460659	-40.595540
375.460659	-41.235540
5
375.460659	-33.635540
374.820659	-33.635540
374.820659	-32.995540
375.460659	-32.995540
375.460659	-33.635540
5
375.460659	-26.035540
374.820659	-26.035540
374.820659	-25.395540
375.460659	-25.395540
375.460659	-26.035540
9
374.820659	-49.335540
374.820659	-56.295540
374.960659	-56.295540
374.960659	-51.275540
375.535659	-51.275540
375.535659	-51.135540
374.960659	-51.135540
374.960659	-49.335540
374.820659	-49.335540
9
379.295659	-51.135540
376.535659	-51.135540
376.535659	-51.275540
377.970656	-51.275540
377.970656	-56.965540
378.110656	-56.965540
378.110656	-51.275540
379.295659	-51.275540
379.295659	-51.135540
9
381.335659	-51.135540
380.295659	-51.135540
380.295659	-51.275540
380.870656	-51.275540
380.870656	-56.965540
381.010656	-56.965540
381.010656	-51.275540
381.335659	-51.275540
381.335659	-51.135540
9
384.235659	-51.135540
382.335659	-51.135540
382.335659	-51.275540
383.770656	-51.275540
383.770656	-56.965540
383.910656	-56.965540
383.910656	-51.275540
384.235659	-51.275540
384.235659	-51.135540
5
385.235659	-51.275540
386.740659	-51.275540
386.740659	-51.135540
385.235659	-51.135540
385.235659	-51.275540
5
387.060659	-49.335540
386.420659	-49.335540
386.420659	-48.695540
387.060659	-48.695540
387.060659	-49.335540
5
387.060659	-33.635540
386.420659	-33.635540
386.420659	-32.995540
387.060659	-32.995540
387.060659	-33.635540
13
387.090659	-49.235540
387.910659	-49.235540
387.910659	-48.795540
387.090659	-48.795540
387.090659	-48.640540
387.215659	-48.640540
387.215659	-48.615540
388.090659	-48.615540
388.090659	-49.415540
387.215659	-49.415540
387.215659	-49.390540
387.090659	-49.390540
387.090659	-49.235540
13
387.090659	-33.535540
387.910659	-33.535540
387.910659	-33.095540
387.090659	-33.095540
387.090659	-32.940540
387.215659	-32.940540
387.215659	-32.915540
388.090659	-32.915540
388.090659	-33.715540
387.215659	-33.715540
387.215659	-33.690540
387.090659	-33.690540
387.090659	-33.535540
5
387.060659	-26.035540
386.420659	-26.035540
386.420659	-25.395540
387.060659	-25.395540
387.060659	-26.035540
13
387.090659	-25.935540
387.910659	-25.935540
387.910659	-25.495540
387.090659	-25.495540
387.090659	-25.340540
387.215659	-25.340540
387.215659	-25.315540
388.090659	-25.315540
388.090659	-26.115540
387.215659	-26.115540
387.215659	-26.090540
387.090659	-26.090540
387.090659	-25.935540
5
387.060659	-18.435540
386.420659	-18.435540
386.420659	-17.795540
387.060659	-17.795540
387.060659	-18.435540
13
387.090659	-18.335540
387.910659	-18.335540
387.910659	-17.895540
387.090659	-17.895540
387.090659	-17.740540
387.215659	-17.740540
387.215659	-17.715540
388.090659	-17.715540
388.090659	-18.515540
387.215659	-18.515540
387.215659	-18.490540
387.090659	-18.490540
387.090659	-18.335540
5
387.060659	-41.235540
386.420659	-41.235540
386.420659	-40.595540
387.060659	-40.595540
387.060659	-41.235540
13
387.090659	-41.135540
387.910659	-41.135540
387.910659	-40.695540
387.090659	-40.695540
387.090659	-40.540540
387.215659	-40.540540
387.215659	-40.515540
388.090659	-40.515540
388.090659	-41.315540
387.215659	-41.315540
387.215659	-41.290540
387.090659	-41.290540
387.090659	-41.135540
5
375.460659	-18.435540
374.820659	-18.435540
374.820659	-17.795540
375.460659	-17.795540
375.460659	-18.435540
7
386.965659	-17.795540
386.965660	-16.920536
387.190660	-16.920536
387.190659	-17.740540
387.090659	-17.740540
387.090659	-17.795540
386.965659	-17.795540
5
387.190659	-15.220536
386.965659	-15.220536
386.965659	-14.090540
387.190659	-14.090540
387.190659	-15.220536
13
388.010659	-10.335540
387.190659	-10.335546
387.190659	-10.390544
387.090659	-10.390540
387.090659	-10.235544
387.910659	-10.235540
387.910659	-9.795540
387.090659	-9.795540
387.090659	-9.665540
387.190659	-9.665540
387.190659	-9.695540
388.010659	-9.695540
388.010659	-10.335540
13
286.870659	-10.335540
287.690659	-10.335546
287.690659	-10.390544
287.790659	-10.390540
287.790659	-10.235544
286.970659	-10.235540
286.970659	-9.795540
287.790659	-9.795540
287.790659	-9.665540
287.690659	-9.665540
287.690659	-9.695540
286.870659	-9.695540
286.870659	-10.335540
5
372.565659	-20.805540
372.410659	-20.805540
372.410659	-20.685540
372.565659	-20.685540
372.565659	-20.805540
9
374.820659	-25.395540
374.820659	-20.805540
374.665659	-20.805540
374.665659	-20.685540
377.605659	-20.685540
377.605659	-20.805540
374.940659	-20.805540
374.940659	-25.395540
374.820659	-25.395540
13
386.965659	-17.695540
379.860659	-17.695540
379.860659	-20.685540
379.705659	-20.685540
379.705659	-20.805540
379.860659	-20.805540
379.860659	-20.830540
380.000659	-20.830540
380.000659	-17.815540
386.420659	-17.815540
386.420659	-17.795540
386.965659	-17.795540
386.965659	-17.695540
9
386.740659	-21.855540
380.000659	-21.855540
380.000659	-21.830540
379.860659	-21.830540
379.860659	-23.315540
380.000659	-23.315540
380.000659	-21.975455
386.740659	-21.975455
386.740659	-21.855540
9
386.420659	-25.655540
380.000659	-25.655540
380.000659	-24.315540
379.860659	-24.315540
379.860659	-26.350540
380.000659	-26.350540
380.000659	-25.775455
386.420659	-25.775455
386.420659	-25.655540
9
386.740659	-29.455540
380.000659	-29.455540
380.000659	-27.350540
379.860659	-27.350540
379.860659	-31.680540
380.000659	-31.680540
380.000659	-29.575455
386.740659	-29.575455
386.740659	-29.455540
9
386.420659	-33.255540
380.000659	-33.255540
380.000659	-32.680540
379.860659	-32.680540
379.860659	-33.950540
380.000659	-33.950540
380.000659	-33.375455
386.420659	-33.375455
386.420659	-33.255540
9
386.740659	-37.055540
380.000659	-37.055540
380.000659	-34.950540
379.860659	-34.950540
379.860659	-38.515540
380.000659	-38.515540
380.000659	-37.175540
386.740659	-37.175540
386.740659	-37.055540
13
386.420659	-40.855540
380.000659	-40.855540
380.000659	-39.515540
379.860659	-39.515540
379.860659	-40.395540
379.760659	-40.395540
379.760659	-40.515540
379.860659	-40.515540
379.860659	-41.600540
380.000659	-41.600540
380.000659	-40.975540
386.420659	-40.975540
386.420659	-40.855540
9
386.740659	-44.005540
380.000659	-44.005540
380.000659	-42.900540
379.860659	-42.900540
379.860659	-44.760540
380.000659	-44.760540
380.000659	-44.125540
386.740659	-44.125540
386.740659	-44.005540
9
386.740659	-46.705540
380.000659	-46.705540
380.000659	-46.060540
379.860659	-46.060540
379.860659	-47.460540
380.000659	-47.460540
380.000659	-46.825540
386.740659	-46.825540
386.740659	-46.705540
7
386.420659	-49.195540
380.000659	-49.195540
380.000659	-48.760540
379.860659	-48.760540
379.860659	-49.335540
386.420659	-49.335540
386.420659	-49.195540
13
375.460659	-41.235540
378.360659	-41.235540
378.360659	-40.515540
378.460659	-40.515540
378.460659	-40.395540
378.360659	-40.395540
378.360659	-37.275540
378.185659	-37.275540
378.185659	-37.395540
378.240659	-37.395540
378.240659	-41.115540
375.460659	-41.115540
375.460659	-41.235540
13
374.820659	-33.635540
374.820659	-40.595540
374.940659	-40.595540
374.940659	-37.395540
377.185659	-37.395540
377.185659	-37.275540
374.940659	-37.275540
374.940659	-36.175540
375.115659	-36.175540
375.115659	-36.055540
374.940659	-36.055540
374.940659	-33.635540
374.820659	-33.635540
13
374.820659	-32.995540
374.820659	-26.035540
374.940659	-26.035540
374.940659	-29.235540
377.185659	-29.235540
377.185659	-29.355540
374.940659	-29.355540
374.940659	-30.455540
375.115659	-30.455540
375.115659	-30.575540
374.940659	-30.575540
374.940659	-32.995540
374.820659	-32.995540
9
375.460659	-25.395540
378.360659	-25.395540
378.360659	-29.355540
378.185659	-29.355540
378.185659	-29.235540
378.240659	-29.235540
378.240659	-25.515540
375.460659	-25.515540
375.460659	-25.395540
13
376.115659	-30.455540
378.360659	-30.455540
378.360659	-36.175540
376.115659	-36.175540
376.115659	-36.055540
378.240659	-36.055540
378.240659	-33.375540
375.460659	-33.375540
375.460659	-33.255540
378.240659	-33.255540
378.240659	-30.575540
376.115659	-30.575540
376.115659	-30.455540
15
370.040749	-46.105533
372.270659	-46.105540
372.270659	-42.295540
371.423096	-42.295540
371.423096	-42.155540
372.270659	-42.155540
372.270659	-41.215540
372.390659	-41.215540
372.390659	-40.615540
372.270659	-40.615540
372.270659	-40.221764
372.410659	-40.221764
372.410659	-46.245540
370.040749	-46.245533
370.040749	-46.105533
11
366.665659	-41.075540
371.940659	-41.075540
371.940659	-41.215540
370.460675	-41.215540
370.460675	-42.155540
370.623096	-42.155540
370.623096	-42.295540
370.320675	-42.295540
370.320675	-41.215540
366.665659	-41.215540
366.665659	-41.075540
15
371.920659	-33.495540
366.965659	-33.495540
366.965659	-32.995540
366.665659	-32.995540
366.665659	-33.115540
366.845659	-33.115540
366.845659	-33.495540
366.665659	-33.495540
366.665659	-33.635540
369.950646	-33.635540
369.950646	-34.735540
370.090646	-34.735540
370.090646	-33.635540
371.920659	-33.635540
371.920659	-33.495540
5
372.410659	-33.635540
371.920659	-33.635540
371.920659	-32.995540
372.410659	-32.995540
372.410659	-33.635540
5
372.410659	-33.930906
372.270659	-33.930906
372.270659	-33.635540
372.410659	-33.635540
372.410659	-33.930906
5
366.215659	-41.215540
366.665659	-41.215540
366.665659	-40.615540
366.215659	-40.615540
366.215659	-41.215540
27
366.270659	-26.035540
366.270659	-30.343093
372.270659	-30.343093
372.270659	-30.603020
372.410659	-30.603020
372.410659	-29.488020
372.270659	-29.488020
372.270659	-30.203093
368.950659	-30.203093
368.950659	-29.803093
368.810659	-29.803093
368.810659	-30.203093
366.410659	-30.203093
366.410659	-28.203093
368.810659	-28.203093
368.810659	-28.803093
368.950659	-28.803093
368.950659	-28.203093
372.270659	-28.203093
372.270659	-28.488020
372.410659	-28.488020
372.410659	-27.209316
372.270691	-27.209316
372.270659	-28.063093
366.410691	-28.063093
366.410659	-26.035540
366.270659	-26.035540
5
372.410659	-31.603020
372.270659	-31.603020
372.270659	-32.995540
372.410659	-32.995540
372.410659	-31.603020
5
372.270691	-26.409316
372.410659	-26.409316
372.410659	-26.035540
372.270691	-26.035540
372.270691	-26.409316
5
303.690659	-11.165540
303.830659	-11.165540
303.830659	-11.975540
303.690659	-11.975540
303.690659	-11.165540
5
303.690659	-10.365540
303.830659	-10.365540
303.830659	-9.665540
303.690659	-9.665540
303.690659	-10.365540
5
302.470659	-10.365540
302.610659	-10.365540
302.610659	-9.665540
302.470659	-9.665540
302.470659	-10.365540
7
302.610659	-11.165540
302.610659	-14.355540
303.690659	-14.355540
303.690659	-14.495540
302.470659	-14.495540
302.470659	-11.165540
302.610659	-11.165540
5
308.620659	-9.770540
308.760659	-9.770540
308.760659	-9.665540
308.620659	-9.665540
308.620659	-9.770540
39
372.270659	-34.930906
372.270659	-38.425540
370.090646	-38.425540
370.090646	-36.435540
369.950646	-36.435540
369.950646	-38.425540
366.260659	-38.425540
366.260659	-36.435540
366.120659	-36.435540
366.120659	-41.310540
366.490675	-41.310540
366.490675	-46.105539
365.795659	-46.105539
365.795660	-46.245540
367.534753	-46.245534
367.534753	-46.105540
366.630675	-46.105539
366.630675	-44.105540
368.630753	-44.105540
368.630753	-46.105540
368.580753	-46.105540
368.580753	-46.245540
369.040749	-46.245540
369.040749	-46.105540
368.770753	-46.105540
368.770749	-44.105540
369.770749	-44.105540
369.770749	-43.965540
366.630675	-43.965540
366.630675	-41.215540
366.215659	-41.215540
366.215659	-40.615540
366.260659	-40.615540
366.260659	-38.567987
372.270659	-38.567987
372.270659	-39.421764
372.410659	-39.421764
372.410659	-34.930906
372.270659	-34.930906
5
366.260659	-9.770540
366.120659	-9.770540
366.120659	-9.665540
366.260659	-9.665540
366.260659	-9.770540
5
366.760659	-9.770540
366.620659	-9.770540
366.620659	-9.665540
366.760659	-9.665540
366.760659	-9.770540
5
308.120659	-9.770540
308.260659	-9.770540
308.260659	-9.665540
308.120659	-9.665540
308.120659	-9.770540
5
337.370659	-18.435540
337.510659	-18.435540
337.510659	-25.490540
337.370659	-25.490540
337.370659	-18.435540
5
343.170659	-18.435540
343.310659	-18.435540
343.310659	-25.490540
343.170659	-25.490540
343.170659	-18.435540
3
331.4 -19.43
331.4 -20.31
331.4 -19.43
