9
-50.2999 24.6
-50.2999 23.7
-50.65 23.7
-50.65 -23.7
-50.2999 -23.7
-50.2999 -24.6
-50.95 -24.6
-50.95 24.6
-50.2999 24.6
5
-50.2999 -24.3
50.2999 -24.3
50.2999 -24.6
-50.2999 -24.6
-50.2999 -24.3
9
50.2999 -24.6
50.2999 -23.7
50.65 -23.7
50.65 23.7
50.2999 23.7
50.2999 24.6
50.95 24.6
50.95 -24.6
50.2999 -24.6
5
50.2999 24.3
-50.2999 24.2996
-50.2999 24.5996
50.2999 24.5996
50.2999 24.3
5
-28.5407 7.11554
28.8593 7.11554
28.8593 -7.11446
-28.5407 -7.11446
-28.5407 7.11554
5
-34.5 -7.9
-34.95 -7.9
-34.95 -7.3
-34.5 -7.3
-34.5 -7.9
5
-22.88 14.88
-23.52 14.88
-23.52 15.52
-22.88 15.52
-22.88 14.88
5
-28.775 -0.3
-29.225 -0.3
-29.225 0.3
-28.775 0.3
-28.775 -0.3
5
-28.775 -7.9
-29.225 -7.9
-29.225 -7.3
-28.775 -7.3
-28.775 -7.9
5
-49.62 -23.62
-48.98 -23.62
-48.98 -22.98
-49.62 -22.98
-49.62 -23.62
5
-49.62 -16.02
-48.98 -16.02
-48.98 -15.38
-49.62 -15.38
-49.62 -16.02
7
-48.98 -16.02
-43.37 -16.02
-43.37 -15.32
-43.51 -15.32
-43.51 -15.895
-48.98 -15.895
-48.98 -16.02
5
-43.51 -11.9662
-43.37 -11.9662
-43.37 -14.32
-43.51 -14.32
-43.51 -11.9662
9
-49.3 -9.7875
-43.51 -9.7875
-43.51 -9.23866
-43.37 -9.23866
-43.37 -10.9662
-43.51 -10.9662
-43.51 -9.9125
-49.3 -9.9125
-49.3 -9.7875
5
-49.62 -7.92
-48.98 -7.92
-48.98 -7.28
-49.62 -7.28
-49.62 -7.92
5
-49.62 -0.32
-48.98 -0.32
-48.98 0.32
-49.62 0.32
-49.62 -0.32
5
-49.3 -17.96
-48.0896 -17.96
-48.0896 -17.82
-49.3 -17.82
-49.3 -17.96
9
-46.47 -23.65
-46.47 -17.9599
-47.0896 -17.9599
-47.0896 -17.82
-45.145 -17.82
-45.145 -17.96
-46.33 -17.96
-46.33 -23.65
-46.47 -23.65
9
-43.57 -23.65
-43.57 -17.9599
-44.145 -17.9599
-44.145 -17.82
-42.855 -17.82
-42.855 -17.96
-43.43 -17.96
-43.43 -23.65
-43.57 -23.65
9
-40.67 -23.65
-40.67 -17.9599
-41.855 -17.9599
-41.855 -17.82
-39.084 -17.82
-39.084 -17.96
-40.53 -17.96
-40.53 -23.65
-40.67 -23.65
9
-38.084 -17.82
-37.52 -17.82
-37.52 -16.02
-37.38 -16.02
-37.38 -22.98
-37.52 -22.98
-37.52 -17.96
-38.084 -17.96
-38.084 -17.82
13
-49.65 -15.92
-50.47 -15.92
-50.47 -15.48
-49.65 -15.48
-49.65 -15.325
-49.775 -15.325
-49.775 -15.3
-50.65 -15.3
-50.65 -16.1
-49.775 -16.1
-49.775 -16.075
-49.65 -16.075
-49.65 -15.92
13
-49.65 -7.82
-50.47 -7.82
-50.47 -7.38
-49.65 -7.38
-49.65 -7.225
-49.775 -7.225
-49.775 -7.2
-50.65 -7.2
-50.65 -8
-49.775 -8
-49.775 -7.975
-49.65 -7.975
-49.65 -7.82
13
-49.65 -0.22
-50.47 -0.22
-50.47 0.22
-49.65 0.22
-49.65 0.375
-49.775 0.375
-49.775 0.4
-50.65 0.4
-50.65 -0.4
-49.775 -0.4
-49.775 -0.375
-49.65 -0.375
-49.65 -0.22
5
-49.62 7.28
-48.98 7.28
-48.98 7.92
-49.62 7.92
-49.62 7.28
13
-49.65 7.38
-50.47 7.38
-50.47 7.82
-49.65 7.82
-49.65 7.975
-49.775 7.975
-49.775 8
-50.65 8
-50.65 7.2
-49.775 7.2
-49.775 7.225
-49.65 7.225
-49.65 7.38
5
-49.62 14.88
-48.98 14.88
-48.98 15.52
-49.62 15.52
-49.62 14.88
13
-49.65 14.98
-50.47 14.98
-50.47 15.42
-49.65 15.42
-49.65 15.575
-49.775 15.575
-49.775 15.6
-50.65 15.6
-50.65 14.8
-49.775 14.8
-49.775 14.825
-49.65 14.825
-49.65 14.98
5
-49.62 22.98
-48.98 22.98
-48.98 23.62
-49.62 23.62
-49.62 22.98
17
-38.02 15.52
-41.8866 15.52
-41.8866 15.38
-38.35 15.38
-38.35 14.31
-38.21 14.31
-38.21 14.43
-37.225 14.43
-37.225 14.57
-37.38 14.57
-37.38 14.88
-37.52 14.88
-37.52 14.57
-38.21 14.57
-38.21 15.38
-38.02 15.38
-38.02 15.52
9
-48.98 15.52
-43.1866 15.52
-43.1866 15.38
-43.37 15.38
-43.37 14.4986
-43.51 14.4986
-43.51 15.38
-48.98 15.38
-48.98 15.52
9
-49.3 13.14
-43.51 13.14
-43.51 13.4986
-43.37 13.4986
-43.37 12.4411
-43.51 12.4411
-43.51 13.015
-49.3 13.015
-49.3 13.14
9
-43.51 11.4411
-43.51 10.585
-49.3 10.585
-49.3 10.46
-43.51 10.46
-43.51 9.2375
-43.37 9.2375
-43.37 11.4411
-43.51 11.4411
9
-43.51 8.2375
-43.51 7.67
-48.98 7.67
-48.98 7.53
-43.51 7.53
-43.51 7.11606
-43.37 7.11606
-43.37 8.2375
-43.51 8.2375
9
-43.51 6.11606
-43.51 5.53
-49.3 5.53
-49.3 5.405
-43.51 5.405
-43.51 4.84106
-43.37 4.84106
-43.37 6.11606
-43.51 6.11606
9
-43.51 3.84106
-43.51 2.975
-49.3 2.975
-49.3 2.85
-43.51 2.85
-43.51 1.6375
-43.37 1.6375
-43.37 3.84106
-43.51 3.84106
9
-43.51 0.6375
-43.51 0.0625
-48.98 0.0625
-48.98 -0.0625
-43.51 -0.0625
-43.51 -0.483944
-43.37 -0.483944
-43.37 0.6375
-43.51 0.6375
9
-43.51 -6.9625
-43.51 -7.5375
-48.98 -7.5375
-48.98 -7.6625
-43.51 -7.6625
-43.51 -8.23866
-43.37 -8.23866
-43.37 -6.9625
-43.51 -6.9625
9
-43.51 -1.48394
-43.51 -2.0625
-49.3 -2.0625
-49.3 -2.1875
-43.51 -2.1875
-43.51 -2.75894
-43.37 -2.75894
-43.37 -1.48394
-43.51 -1.48394
9
-43.51 -3.75894
-43.51 -4.6175
-49.3 -4.6175
-49.3 -4.7425
-43.51 -4.7425
-43.51 -5.9625
-43.37 -5.9625
-43.37 -3.75894
-43.51 -3.75894
5
-38.02 -23.62
-37.38 -23.62
-37.38 -22.98
-38.02 -22.98
-38.02 -23.62
5
-38.02 -16.02
-37.38 -16.02
-37.38 -15.38
-38.02 -15.38
-38.02 -16.02
5
-38.02 -7.92
-37.38 -7.92
-37.38 -7.28
-38.02 -7.28
-38.02 -7.92
5
-38.02 -0.32
-37.38 -0.32
-37.38 0.32
-38.02 0.32
-38.02 -0.32
5
-38.02 7.28
-37.38 7.28
-37.38 7.92
-38.02 7.92
-38.02 7.28
5
-38.02 14.88
-37.38 14.88
-37.38 15.52
-38.02 15.52
-38.02 14.88
5
-38.02 22.98
-37.38 22.98
-37.38 23.62
-38.02 23.62
-38.02 22.98
13
-31.25 15.18
-31.25 15.52
-34.97 15.52
-34.97 7.28
-28.83 7.28
-28.83 15.52
-29.25 15.52
-29.25 15.18
-29.17 15.18
-29.17 7.62
-34.63 7.62
-34.63 15.18
-31.25 15.18
5
-35.125 14.57
-34.97 14.57
-34.97 14.43
-35.125 14.43
-35.125 14.57
9
-37.52 7.92
-37.52 12.35
-38.35 12.35
-38.35 12.61
-38.21 12.61
-38.21 12.49
-37.38 12.49
-37.38 7.92
-37.52 7.92
7
-38.02 7.67
-41.52 7.67
-41.52 1.9375
-41.38 1.9375
-41.38 7.545
-38.02 7.545
-38.02 7.67
9
-38.02 0.0625
-41.38 0.0625
-41.38 0.6375
-41.52 0.6375
-41.52 -2.6375
-41.38 -2.6375
-41.38 -0.0625
-38.02 -0.0625
-38.02 0.0625
9
-38.02 -7.5375
-41.38 -7.5375
-41.38 -4.9625
-41.52 -4.9625
-41.52 -7.7625
-41.38 -7.7625
-41.38 -7.6625
-38.02 -7.6625
-38.02 -7.5375
13
-37.505 -0.32
-37.505 -3.7375
-41.38 -3.7375
-41.38 -3.6375
-41.52 -3.6375
-41.52 -3.9625
-41.38 -3.9625
-41.38 -3.8625
-37.505 -3.8625
-37.505 -7.28
-37.38 -7.28
-37.38 -0.32
-37.505 -0.32
5
-37.38 7.28
-37.505 7.28
-37.505 0.32
-37.38 0.32
-37.38 7.28
7
-34.97 -17.78
-34.97 -23.62
-34.38 -23.62
-34.38 -23.28
-34.63 -23.28
-34.63 -17.78
-34.97 -17.78
11
-34.97 -15.38
-28.83 -15.38
-28.83 -23.62
-29.42 -23.62
-29.42 -23.28
-29.17 -23.28
-29.17 -15.72
-34.63 -15.72
-34.63 -15.78
-34.97 -15.78
-34.97 -15.38
5
-34.97 -15.38
-35.175 -15.38
-35.175 -15.52
-34.97 -15.52
-34.97 -15.38
5
-48.07 -24.12
-47.63 -24.12
-47.63 -23.75
-48.07 -23.75
-48.07 -24.12
5
-46.62 -24.12
-46.18 -24.12
-46.18 -23.75
-46.62 -23.75
-46.62 -24.12
5
-45.17 -24.12
-44.73 -24.12
-44.73 -23.75
-45.17 -23.75
-45.17 -24.12
5
-43.72 -24.12
-43.28 -24.12
-43.28 -23.75
-43.72 -23.75
-43.72 -24.12
5
-42.27 -24.12
-41.83 -24.12
-41.83 -23.75
-42.27 -23.75
-42.27 -24.12
5
-40.82 -24.12
-40.38 -24.12
-40.38 -23.75
-40.82 -23.75
-40.82 -24.12
5
-39.37 -24.12
-38.93 -24.12
-38.93 -23.75
-39.37 -23.75
-39.37 -24.12
5
-37.92 -24.12
-37.48 -24.12
-37.48 -23.75
-37.92 -23.75
-37.92 -24.12
5
-36.47 -24.12
-36.03 -24.12
-36.03 -23.75
-36.47 -23.75
-36.47 -24.12
5
-35.02 -24.12
-34.58 -24.12
-34.58 -23.75
-35.02 -23.75
-35.02 -24.12
5
-33.57 -24.12
-33.13 -24.12
-33.13 -23.75
-33.57 -23.75
-33.57 -24.12
5
-32.12 -24.12
-31.68 -24.12
-31.68 -23.75
-32.12 -23.75
-32.12 -24.12
9
-32.27 -23.65
-31.53 -23.65
-31.53 -23.75
-31.58 -23.75
-31.58 -24.22
-32.22 -24.22
-32.22 -23.75
-32.27 -23.75
-32.27 -23.65
5
-30.67 -24.12
-30.23 -24.12
-30.23 -23.75
-30.67 -23.75
-30.67 -24.12
9
-30.82 -23.65
-30.08 -23.65
-30.08 -23.75
-30.13 -23.75
-30.13 -24.22
-30.77 -24.22
-30.77 -23.75
-30.82 -23.75
-30.82 -23.65
9
-33.72 -23.65
-32.98 -23.65
-32.98 -23.75
-33.03 -23.75
-33.03 -24.22
-33.67 -24.22
-33.67 -23.75
-33.72 -23.75
-33.72 -23.65
9
-35.17 -23.65
-34.43 -23.65
-34.43 -23.75
-34.48 -23.75
-34.48 -24.22
-35.12 -24.22
-35.12 -23.75
-35.17 -23.75
-35.17 -23.65
9
-36.62 -23.65
-35.88 -23.65
-35.88 -23.75
-35.93 -23.75
-35.93 -24.22
-36.57 -24.22
-36.57 -23.75
-36.62 -23.75
-36.62 -23.65
9
-38.07 -23.65
-37.33 -23.65
-37.33 -23.75
-37.38 -23.75
-37.38 -24.22
-38.02 -24.22
-38.02 -23.75
-38.07 -23.75
-38.07 -23.65
9
-39.52 -23.65
-38.78 -23.65
-38.78 -23.75
-38.83 -23.75
-38.83 -24.22
-39.47 -24.22
-39.47 -23.75
-39.52 -23.75
-39.52 -23.65
9
-40.97 -23.65
-40.23 -23.65
-40.23 -23.75
-40.28 -23.75
-40.28 -24.22
-40.92 -24.22
-40.92 -23.75
-40.97 -23.75
-40.97 -23.65
9
-42.42 -23.65
-41.68 -23.65
-41.68 -23.75
-41.73 -23.75
-41.73 -24.22
-42.37 -24.22
-42.37 -23.75
-42.42 -23.75
-42.42 -23.65
9
-43.87 -23.65
-43.13 -23.65
-43.13 -23.75
-43.18 -23.75
-43.18 -24.22
-43.82 -24.22
-43.82 -23.75
-43.87 -23.75
-43.87 -23.65
9
-45.32 -23.65
-44.58 -23.65
-44.58 -23.75
-44.63 -23.75
-44.63 -24.22
-45.27 -24.22
-45.27 -23.75
-45.32 -23.75
-45.32 -23.65
9
-46.77 -23.65
-46.03 -23.65
-46.03 -23.75
-46.08 -23.75
-46.08 -24.22
-46.72 -24.22
-46.72 -23.75
-46.77 -23.75
-46.77 -23.65
9
-48.22 -23.65
-47.48 -23.65
-47.48 -23.75
-47.53 -23.75
-47.53 -24.22
-48.17 -24.22
-48.17 -23.75
-48.22 -23.75
-48.22 -23.65
5
-29.22 -24.12
-28.78 -24.12
-28.78 -23.75
-29.22 -23.75
-29.22 -24.12
9
-29.37 -23.65
-28.625 -23.65
-28.625 -23.75
-28.68 -23.75
-28.68 -24.22
-29.32 -24.22
-29.32 -23.75
-29.37 -23.75
-29.37 -23.65
5
-23.52 -23.545
-22.88 -23.545
-22.88 -23.055
-23.52 -23.055
-23.52 -23.545
5
-23.42 -24.12
-22.98 -24.12
-22.98 -23.75
-23.42 -23.75
-23.42 -24.12
9
-23.575 -23.65
-22.825 -23.65
-22.825 -23.75
-22.88 -23.75
-22.88 -24.22
-23.52 -24.22
-23.52 -23.75
-23.575 -23.75
-23.575 -23.65
5
-23.52 -23.545
-22.88 -23.545
-22.88 -23.055
-23.52 -23.055
-23.52 -23.545
5
-17.72 -23.545
-17.08 -23.545
-17.08 -23.055
-17.72 -23.055
-17.72 -23.545
5
-11.92 -23.545
-11.28 -23.545
-11.28 -23.055
-11.92 -23.055
-11.92 -23.545
5
-6.12 -23.545
-5.48 -23.545
-5.48 -23.055
-6.12 -23.055
-6.12 -23.545
5
-0.32 -23.545
0.32 -23.545
0.32 -23.055
-0.32 -23.055
-0.32 -23.545
5
5.48 -23.545
6.12 -23.545
6.12 -23.055
5.48 -23.055
5.48 -23.545
5
11.28 -23.545
11.92 -23.545
11.92 -23.055
11.28 -23.055
11.28 -23.545
5
17.08 -23.545
17.72 -23.545
17.72 -23.055
17.08 -23.055
17.08 -23.545
5
22.88 -23.545
23.52 -23.545
23.52 -23.055
22.88 -23.055
22.88 -23.545
5
-17.62 -24.12
-17.18 -24.12
-17.18 -23.75
-17.62 -23.75
-17.62 -24.12
9
-17.775 -23.65
-17.025 -23.65
-17.025 -23.75
-17.08 -23.75
-17.08 -24.22
-17.72 -24.22
-17.72 -23.75
-17.775 -23.75
-17.775 -23.65
5
-11.82 -24.12
-11.38 -24.12
-11.38 -23.75
-11.82 -23.75
-11.82 -24.12
9
-11.975 -23.65
-11.225 -23.65
-11.225 -23.75
-11.28 -23.75
-11.28 -24.22
-11.92 -24.22
-11.92 -23.75
-11.975 -23.75
-11.975 -23.65
5
-6.02 -24.12
-5.58 -24.12
-5.58 -23.75
-6.02 -23.75
-6.02 -24.12
9
-6.175 -23.65
-5.425 -23.65
-5.425 -23.75
-5.48 -23.75
-5.48 -24.22
-6.12 -24.22
-6.12 -23.75
-6.175 -23.75
-6.175 -23.65
5
-0.22 -24.12
0.22 -24.12
0.22 -23.75
-0.22 -23.75
-0.22 -24.12
9
-0.375 -23.65
0.375 -23.65
0.375 -23.75
0.32 -23.75
0.32 -24.22
-0.32 -24.22
-0.32 -23.75
-0.375 -23.75
-0.375 -23.65
5
5.58 -24.12
6.02 -24.12
6.02 -23.75
5.58 -23.75
5.58 -24.12
9
5.425 -23.65
6.175 -23.65
6.175 -23.75
6.12 -23.75
6.12 -24.22
5.48 -24.22
5.48 -23.75
5.425 -23.75
5.425 -23.65
5
11.38 -24.12
11.82 -24.12
11.82 -23.75
11.38 -23.75
11.38 -24.12
9
11.225 -23.65
11.975 -23.65
11.975 -23.75
11.92 -23.75
11.92 -24.22
11.28 -24.22
11.28 -23.75
11.225 -23.75
11.225 -23.65
5
17.18 -24.12
17.62 -24.12
17.62 -23.75
17.18 -23.75
17.18 -24.12
9
17.025 -23.65
17.775 -23.65
17.775 -23.75
17.72 -23.75
17.72 -24.22
17.08 -24.22
17.08 -23.75
17.025 -23.75
17.025 -23.65
5
22.98 -24.12
23.42 -24.12
23.42 -23.75
22.98 -23.75
22.98 -24.12
9
22.825 -23.65
23.575 -23.65
23.575 -23.75
23.52 -23.75
23.52 -24.22
22.88 -24.22
22.88 -23.75
22.825 -23.75
22.825 -23.65
5
37.38 -23.62
38.02 -23.62
38.02 -22.98
37.38 -22.98
37.38 -23.62
7
34.97 -17.78
34.97 -23.62
34.38 -23.62
34.38 -23.28
34.63 -23.28
34.63 -17.78
34.97 -17.78
11
34.97 -15.38
28.83 -15.38
28.83 -23.62
29.42 -23.62
29.42 -23.28
29.17 -23.28
29.17 -15.72
34.63 -15.72
34.63 -15.78
34.97 -15.78
34.97 -15.38
5
49.62 -23.62
48.98 -23.62
48.98 -22.98
49.62 -22.98
49.62 -23.62
5
48.07 -24.12
47.63 -24.12
47.63 -23.75
48.07 -23.75
48.07 -24.12
5
46.62 -24.12
46.18 -24.12
46.18 -23.75
46.62 -23.75
46.62 -24.12
5
45.17 -24.12
44.73 -24.12
44.73 -23.75
45.17 -23.75
45.17 -24.12
5
43.72 -24.12
43.28 -24.12
43.28 -23.75
43.72 -23.75
43.72 -24.12
5
42.27 -24.12
41.83 -24.12
41.83 -23.75
42.27 -23.75
42.27 -24.12
5
40.82 -24.12
40.38 -24.12
40.38 -23.75
40.82 -23.75
40.82 -24.12
5
39.37 -24.12
38.93 -24.12
38.93 -23.75
39.37 -23.75
39.37 -24.12
5
37.92 -24.12
37.48 -24.12
37.48 -23.75
37.92 -23.75
37.92 -24.12
5
36.47 -24.12
36.03 -24.12
36.03 -23.75
36.47 -23.75
36.47 -24.12
9
36.62 -23.65
35.88 -23.65
35.88 -23.75
35.93 -23.75
35.93 -24.22
36.57 -24.22
36.57 -23.75
36.62 -23.75
36.62 -23.65
9
38.07 -23.65
37.33 -23.65
37.33 -23.75
37.38 -23.75
37.38 -24.22
38.02 -24.22
38.02 -23.75
38.07 -23.75
38.07 -23.65
9
39.52 -23.65
38.78 -23.65
38.78 -23.75
38.83 -23.75
38.83 -24.22
39.47 -24.22
39.47 -23.75
39.52 -23.75
39.52 -23.65
9
40.97 -23.65
40.23 -23.65
40.23 -23.75
40.28 -23.75
40.28 -24.22
40.92 -24.22
40.92 -23.75
40.97 -23.75
40.97 -23.65
9
42.42 -23.65
41.68 -23.65
41.68 -23.75
41.73 -23.75
41.73 -24.22
42.37 -24.22
42.37 -23.75
42.42 -23.75
42.42 -23.65
9
43.87 -23.65
43.13 -23.65
43.13 -23.75
43.18 -23.75
43.18 -24.22
43.82 -24.22
43.82 -23.75
43.87 -23.75
43.87 -23.65
9
45.32 -23.65
44.58 -23.65
44.58 -23.75
44.63 -23.75
44.63 -24.22
45.27 -24.22
45.27 -23.75
45.32 -23.75
45.32 -23.65
9
46.77 -23.65
46.03 -23.65
46.03 -23.75
46.08 -23.75
46.08 -24.22
46.72 -24.22
46.72 -23.75
46.77 -23.75
46.77 -23.65
9
48.22 -23.65
47.48 -23.65
47.48 -23.75
47.53 -23.75
47.53 -24.22
48.17 -24.22
48.17 -23.75
48.22 -23.75
48.22 -23.65
7
49.7 -24.3
50.2999 -24.3
50.2999 -23.7
50.1999 -23.7
50.1999 -24.2
49.7 -24.2
49.7 -24.3
13
50.57 -22.98
49.75 -22.98
49.75 -22.925
49.65 -22.925
49.65 -23.08
50.47 -23.08
50.47 -23.52
49.65 -23.52
49.65 -23.65
49.75 -23.65
49.75 -23.62
50.57 -23.62
50.57 -22.98
5
49.52 -24.12
49.08 -24.12
49.08 -23.75
49.52 -23.75
49.52 -24.12
9
49.65 -23.65
48.93 -23.65
48.93 -23.75
48.98 -23.75
48.98 -24.22
49.62 -24.22
49.62 -23.75
49.65 -23.75
49.65 -23.65
7
-49.7 -24.3
-50.2999 -24.3
-50.2999 -23.7
-50.1999 -23.7
-50.1999 -24.2
-49.7 -24.2
-49.7 -24.3
13
-50.57 -22.98
-49.75 -22.98
-49.75 -22.925
-49.65 -22.925
-49.65 -23.08
-50.47 -23.08
-50.47 -23.52
-49.65 -23.52
-49.65 -23.65
-49.75 -23.65
-49.75 -23.62
-50.57 -23.62
-50.57 -22.98
5
-49.52 -24.12
-49.08 -24.12
-49.08 -23.75
-49.52 -23.75
-49.52 -24.12
9
-49.65 -23.65
-48.93 -23.65
-48.93 -23.75
-48.98 -23.75
-48.98 -24.22
-49.62 -24.22
-49.62 -23.75
-49.65 -23.75
-49.65 -23.65
5
33.57 -24.12
33.13 -24.12
33.13 -23.75
33.57 -23.75
33.57 -24.12
5
32.12 -24.12
31.68 -24.12
31.68 -23.75
32.12 -23.75
32.12 -24.12
9
32.27 -23.65
31.53 -23.65
31.53 -23.75
31.58 -23.75
31.58 -24.22
32.22 -24.22
32.22 -23.75
32.27 -23.75
32.27 -23.65
5
30.67 -24.12
30.23 -24.12
30.23 -23.75
30.67 -23.75
30.67 -24.12
9
30.82 -23.65
30.08 -23.65
30.08 -23.75
30.13 -23.75
30.13 -24.22
30.77 -24.22
30.77 -23.75
30.82 -23.75
30.82 -23.65
9
33.72 -23.65
32.98 -23.65
32.98 -23.75
33.03 -23.75
33.03 -24.22
33.67 -24.22
33.67 -23.75
33.72 -23.75
33.72 -23.65
5
29.22 -24.12
28.78 -24.12
28.78 -23.75
29.22 -23.75
29.22 -24.12
9
29.37 -23.65
28.625 -23.65
28.625 -23.75
28.68 -23.75
28.68 -24.22
29.32 -24.22
29.32 -23.75
29.37 -23.75
29.37 -23.65
5
34.58 -24.12
35.02 -24.12
35.02 -23.75
34.58 -23.75
34.58 -24.12
9
34.43 -23.65
35.17 -23.65
35.17 -23.75
35.12 -23.75
35.12 -24.22
34.48 -24.22
34.48 -23.75
34.43 -23.75
34.43 -23.65
5
-37.38 -15.38
-37.175 -15.38
-37.175 -15.52
-37.38 -15.52
-37.38 -15.38
5
34.97 -15.38
35.175 -15.38
35.175 -15.52
34.97 -15.52
34.97 -15.38
5
37.38 -15.38
37.175 -15.38
37.175 -15.52
37.38 -15.52
37.38 -15.38
5
38.02 -16.02
37.38 -16.02
37.38 -15.38
38.02 -15.38
38.02 -16.02
5
23.52 -16.02
22.88 -16.02
22.88 -15.38
23.52 -15.38
23.52 -16.02
5
17.72 -16.02
17.08 -16.02
17.08 -15.38
17.72 -15.38
17.72 -16.02
5
11.92 -16.02
11.28 -16.02
11.28 -15.38
11.92 -15.38
11.92 -16.02
5
6.12 -16.02
5.48 -16.02
5.48 -15.38
6.12 -15.38
6.12 -16.02
5
0.32 -16.02
-0.32 -16.02
-0.32 -15.38
0.32 -15.38
0.32 -16.02
5
-5.48 -16.02
-6.12 -16.02
-6.12 -15.38
-5.48 -15.38
-5.48 -16.02
5
-11.28 -16.02
-11.92 -16.02
-11.92 -15.38
-11.28 -15.38
-11.28 -16.02
5
-17.08 -16.02
-17.72 -16.02
-17.72 -15.38
-17.08 -15.38
-17.08 -16.02
5
-17.08 -16.02
-17.72 -16.02
-17.72 -15.38
-17.08 -15.38
-17.08 -16.02
5
-0.07 -16.02
0.07 -16.02
0.07 -23.055
-0.07 -23.055
-0.07 -16.02
5
-5.87 -16.02
-5.73 -16.02
-5.73 -23.055
-5.87 -23.055
-5.87 -16.02
5
-11.67 -16.02
-11.53 -16.02
-11.53 -23.055
-11.67 -23.055
-11.67 -16.02
5
-17.47 -16.02
-17.33 -16.02
-17.33 -23.055
-17.47 -23.055
-17.47 -16.02
5
-23.27 -16.02
-23.13 -16.02
-23.13 -23.055
-23.27 -23.055
-23.27 -16.02
5
-22.88 -16.02
-23.52 -16.02
-23.52 -15.38
-22.88 -15.38
-22.88 -16.02
5
-17.08 -15.52
-16.755 -15.52
-16.755 -15.38
-17.08 -15.38
-17.08 -15.52
5
-11.92 -15.52
-12.245 -15.52
-12.245 -15.38
-11.92 -15.38
-11.92 -15.52
9
-13.245 -15.38
-15.755 -15.38
-15.755 -15.52
-14.57 -15.52
-14.57 -23.3
-14.43 -23.3
-14.43 -15.52
-13.245 -15.52
-13.245 -15.38
5
-22.88 -15.52
-22.555 -15.52
-22.555 -15.38
-22.88 -15.38
-22.88 -15.52
5
-17.72 -15.52
-18.045 -15.52
-18.045 -15.38
-17.72 -15.38
-17.72 -15.52
9
-19.045 -15.38
-21.555 -15.38
-21.555 -15.52
-20.37 -15.52
-20.37 -23.3
-20.23 -23.3
-20.23 -15.52
-19.045 -15.52
-19.045 -15.38
5
-28.83 -15.52
-28.355 -15.52
-28.355 -15.38
-28.83 -15.38
-28.83 -15.52
5
-23.52 -15.52
-23.845 -15.52
-23.845 -15.38
-23.52 -15.38
-23.52 -15.52
9
-24.845 -15.38
-27.355 -15.38
-27.355 -15.52
-26.17 -15.52
-26.17 -23.3
-26.03 -23.3
-26.03 -15.52
-24.845 -15.52
-24.845 -15.38
5
-11.28 -15.52
-10.955 -15.52
-10.955 -15.38
-11.28 -15.38
-11.28 -15.52
9
-7.445 -15.38
-9.955 -15.38
-9.955 -15.52
-8.77 -15.52
-8.77 -23.3
-8.63 -23.3
-8.63 -15.52
-7.445 -15.52
-7.445 -15.38
5
-5.48 -15.52
-5.155 -15.52
-5.155 -15.38
-5.48 -15.38
-5.48 -15.52
9
-1.645 -15.38
-4.155 -15.38
-4.155 -15.52
-2.97 -15.52
-2.97 -23.3
-2.83 -23.3
-2.83 -15.52
-1.645 -15.52
-1.645 -15.38
5
-6.12 -15.52
-6.445 -15.52
-6.445 -15.38
-6.12 -15.38
-6.12 -15.52
5
-0.32 -15.52
-0.645 -15.52
-0.645 -15.38
-0.32 -15.38
-0.32 -15.52
5
0.32 -15.52
0.645 -15.52
0.645 -15.38
0.32 -15.38
0.32 -15.52
9
4.155 -15.38
1.645 -15.38
1.645 -15.52
2.83 -15.52
2.83 -23.3
2.97 -23.3
2.97 -15.52
4.155 -15.52
4.155 -15.38
5
5.48 -15.52
5.155 -15.52
5.155 -15.38
5.48 -15.38
5.48 -15.52
5
5.73 -16.02
5.87 -16.02
5.87 -23.055
5.73 -23.055
5.73 -16.02
5
6.12 -15.52
6.445 -15.52
6.445 -15.38
6.12 -15.38
6.12 -15.52
9
9.955 -15.38
7.445 -15.38
7.445 -15.52
8.63 -15.52
8.63 -23.3
8.77 -23.3
8.77 -15.52
9.955 -15.52
9.955 -15.38
5
11.28 -15.52
10.955 -15.52
10.955 -15.38
11.28 -15.38
11.28 -15.52
5
11.53 -16.02
11.67 -16.02
11.67 -23.055
11.53 -23.055
11.53 -16.02
5
11.92 -15.52
12.245 -15.52
12.245 -15.38
11.92 -15.38
11.92 -15.52
9
15.755 -15.38
13.245 -15.38
13.245 -15.52
14.43 -15.52
14.43 -23.3
14.57 -23.3
14.57 -15.52
15.755 -15.52
15.755 -15.38
5
17.08 -15.52
16.755 -15.52
16.755 -15.38
17.08 -15.38
17.08 -15.52
5
17.33 -16.02
17.47 -16.02
17.47 -23.055
17.33 -23.055
17.33 -16.02
5
17.72 -15.52
18.045 -15.52
18.045 -15.38
17.72 -15.38
17.72 -15.52
9
21.555 -15.38
19.045 -15.38
19.045 -15.52
20.23 -15.52
20.23 -23.3
20.37 -23.3
20.37 -15.52
21.555 -15.52
21.555 -15.38
5
22.88 -15.52
22.555 -15.52
22.555 -15.38
22.88 -15.38
22.88 -15.52
5
23.13 -16.02
23.27 -16.02
23.27 -23.055
23.13 -23.055
23.13 -16.02
5
23.52 -15.52
23.845 -15.52
23.845 -15.38
23.52 -15.38
23.52 -15.52
9
27.355 -15.38
24.845 -15.38
24.845 -15.52
26.03 -15.52
26.03 -23.3
26.17 -23.3
26.17 -15.52
27.355 -15.52
27.355 -15.38
5
28.83 -15.52
28.355 -15.52
28.355 -15.38
28.83 -15.38
28.83 -15.52
5
-17.7 -7.375
-17.1 -7.375
-17.1 -7.825
-17.7 -7.825
-17.7 -7.375
5
-23.5 -7.375
-22.9 -7.375
-22.9 -7.825
-23.5 -7.825
-23.5 -7.375
9
-23.65 -7.825
-23.65 -6.55
-22.75 -6.55
-22.75 -7.825
-22.9 -7.825
-22.9 -6.7
-23.5 -6.7
-23.5 -7.825
-23.65 -7.825
9
-17.85 -7.825
-17.85 -6.55
-16.95 -6.55
-16.95 -7.825
-17.1 -7.825
-17.1 -6.7
-17.7 -6.7
-17.7 -7.825
-17.85 -7.825
9
-23.27 -7.825
-23.27 -12.79
-23.845 -12.79
-23.845 -12.93
-22.555 -12.93
-22.555 -12.79
-23.13 -12.79
-23.13 -7.825
-23.27 -7.825
9
-20.37 -7.18
-20.37 -12.79
-21.555 -12.79
-21.555 -12.93
-19.045 -12.93
-19.045 -12.79
-20.23 -12.79
-20.23 -7.18
-20.37 -7.18
9
-26.17 -7.18
-26.17 -12.79
-27.355 -12.79
-27.355 -12.93
-24.845 -12.93
-24.845 -12.79
-26.03 -12.79
-26.03 -7.18
-26.17 -7.18
9
-17.47 -7.825
-17.47 -12.79
-18.045 -12.79
-18.045 -12.93
-16.755 -12.93
-16.755 -12.79
-17.33 -12.79
-17.33 -7.825
-17.47 -7.825
9
-14.57 -7.18
-14.57 -12.79
-15.755 -12.79
-15.755 -12.93
-13.245 -12.93
-13.245 -12.79
-14.43 -12.79
-14.43 -7.18
-14.57 -7.18
9
-11.67 -7.825
-11.67 -12.79
-12.245 -12.79
-12.245 -12.93
-10.955 -12.93
-10.955 -12.79
-11.53 -12.79
-11.53 -7.825
-11.67 -7.825
9
-8.77 -7.18
-8.77 -12.79
-9.955 -12.79
-9.955 -12.93
-7.445 -12.93
-7.445 -12.79
-8.63 -12.79
-8.63 -7.18
-8.77 -7.18
9
-5.87 -7.825
-5.87 -12.79
-6.445 -12.79
-6.445 -12.93
-5.155 -12.93
-5.155 -12.79
-5.73 -12.79
-5.73 -7.825
-5.87 -7.825
9
-2.97 -7.18
-2.97 -12.79
-4.155 -12.79
-4.155 -12.93
-1.645 -12.93
-1.645 -12.79
-2.83 -12.79
-2.83 -7.18
-2.97 -7.18
9
-0.07 -7.825
-0.07 -12.79
-0.645 -12.79
-0.645 -12.93
0.645 -12.93
0.645 -12.79
0.070002 -12.79
0.070002 -7.825
-0.07 -7.825
9
2.83 -7.18
2.83 -12.79
1.645 -12.79
1.645 -12.93
4.155 -12.93
4.155 -12.79
2.97 -12.79
2.97 -7.18
2.83 -7.18
9
5.73 -7.825
5.73 -12.79
5.155 -12.79
5.155 -12.93
6.445 -12.93
6.445 -12.79
5.87 -12.79
5.87 -7.825
5.73 -7.825
9
8.63 -7.18
8.63 -12.79
7.445 -12.79
7.445 -12.93
9.955 -12.93
9.955 -12.79
8.77 -12.79
8.77 -7.18
8.63 -7.18
9
11.53 -7.825
11.53 -12.79
10.955 -12.79
10.955 -12.93
12.245 -12.93
12.245 -12.79
11.67 -12.79
11.67 -7.825
11.53 -7.825
9
14.43 -7.18
14.43 -12.79
13.245 -12.79
13.245 -12.93
15.755 -12.93
15.755 -12.79
14.57 -12.79
14.57 -7.18
14.43 -7.18
9
17.33 -7.825
17.33 -12.79
16.755 -12.79
16.755 -12.93
18.045 -12.93
18.045 -12.79
17.47 -12.79
17.47 -7.825
17.33 -7.825
9
20.23 -7.18
20.23 -12.79
19.045 -12.79
19.045 -12.93
21.555 -12.93
21.555 -12.79
20.37 -12.79
20.37 -7.18
20.23 -7.18
9
23.13 -7.825
23.13 -12.79
22.555 -12.79
22.555 -12.93
23.845 -12.93
23.845 -12.79
23.27 -12.79
23.27 -7.825
23.13 -7.825
9
26.03 -7.18
26.03 -12.79
24.845 -12.79
24.845 -12.93
27.355 -12.93
27.355 -12.79
26.17 -12.79
26.17 -7.18
26.03 -7.18
5
-11.9 -7.375
-11.3 -7.375
-11.3 -7.825
-11.9 -7.825
-11.9 -7.375
9
-12.05 -7.825
-12.05 -6.55
-11.15 -6.55
-11.15 -7.825
-11.3 -7.825
-11.3 -6.7
-11.9 -6.7
-11.9 -7.825
-12.05 -7.825
5
-6.1 -7.375
-5.5 -7.375
-5.5 -7.825
-6.1 -7.825
-6.1 -7.375
9
-6.25 -7.825
-6.25 -6.55
-5.35 -6.55
-5.35 -7.825
-5.5 -7.825
-5.5 -6.7
-6.1 -6.7
-6.1 -7.825
-6.25 -7.825
5
-0.3 -7.375
0.3 -7.375
0.3 -7.825
-0.3 -7.825
-0.3 -7.375
9
-0.45 -7.825
-0.45 -6.55
0.45 -6.55
0.45 -7.825
0.3 -7.825
0.3 -6.7
-0.3 -6.7
-0.3 -7.825
-0.45 -7.825
5
5.5 -7.375
6.1 -7.375
6.1 -7.825
5.5 -7.825
5.5 -7.375
9
5.35 -7.825
5.35 -6.55
6.25 -6.55
6.25 -7.825
6.1 -7.825
6.1 -6.7
5.5 -6.7
5.5 -7.825
5.35 -7.825
5
11.3 -7.375
11.9 -7.375
11.9 -7.825
11.3 -7.825
11.3 -7.375
9
11.15 -7.825
11.15 -6.55
12.05 -6.55
12.05 -7.825
11.9 -7.825
11.9 -6.7
11.3 -6.7
11.3 -7.825
11.15 -7.825
5
17.1 -7.375
17.7 -7.375
17.7 -7.825
17.1 -7.825
17.1 -7.375
9
16.95 -7.825
16.95 -6.55
17.85 -6.55
17.85 -7.825
17.7 -7.825
17.7 -6.7
17.1 -6.7
17.1 -7.825
16.95 -7.825
5
22.9 -7.375
23.5 -7.375
23.5 -7.825
22.9 -7.825
22.9 -7.375
9
22.75 -7.825
22.75 -6.55
23.65 -6.55
23.65 -7.825
23.5 -7.825
23.5 -6.7
22.9 -6.7
22.9 -7.825
22.75 -7.825
5
-11.9 7.375
-11.3 7.375
-11.3 7.825
-11.9 7.825
-11.9 7.375
5
-6.1 7.375
-5.5 7.375
-5.5 7.825
-6.1 7.825
-6.1 7.375
5
-0.3 7.375
0.3 7.375
0.3 7.825
-0.3 7.825
-0.3 7.375
5
-23.5 7.375
-22.9 7.375
-22.9 7.825
-23.5 7.825
-23.5 7.375
5
-17.7 7.375
-17.1 7.375
-17.1 7.825
-17.7 7.825
-17.7 7.375
5
5.5 7.375
6.1 7.375
6.1 7.825
5.5 7.825
5.5 7.375
5
11.3 7.375
11.9 7.375
11.9 7.825
11.3 7.825
11.3 7.375
5
17.1 7.375
17.7 7.375
17.7 7.825
17.1 7.825
17.1 7.375
5
22.9 7.375
23.5 7.375
23.5 7.825
22.9 7.825
22.9 7.375
9
-23.65 7.825
-23.65 6.55
-22.75 6.55
-22.75 7.825
-22.9 7.825
-22.9 6.7
-23.5 6.7
-23.5 7.825
-23.65 7.825
9
-17.85 7.825
-17.85 6.55
-16.95 6.55
-16.95 7.825
-17.1 7.825
-17.1 6.7
-17.7 6.7
-17.7 7.825
-17.85 7.825
9
-12.05 7.825
-12.05 6.55
-11.15 6.55
-11.15 7.825
-11.3 7.825
-11.3 6.7
-11.9 6.7
-11.9 7.825
-12.05 7.825
9
-6.25 7.825
-6.25 6.55
-5.35 6.55
-5.35 7.825
-5.5 7.825
-5.5 6.7
-6.1 6.7
-6.1 7.825
-6.25 7.825
9
-0.45 7.825
-0.45 6.55
0.45 6.55
0.45 7.825
0.3 7.825
0.3 6.7
-0.3 6.7
-0.3 7.825
-0.45 7.825
9
5.35 7.825
5.35 6.55
6.25 6.55
6.25 7.825
6.1 7.825
6.1 6.7
5.5 6.7
5.5 7.825
5.35 7.825
9
11.15 7.825
11.15 6.55
12.05 6.55
12.05 7.825
11.9 7.825
11.9 6.7
11.3 6.7
11.3 7.825
11.15 7.825
9
16.95 7.825
16.95 6.55
17.85 6.55
17.85 7.825
17.7 7.825
17.7 6.7
17.1 6.7
17.1 7.825
16.95 7.825
9
22.75 7.825
22.75 6.55
23.65 6.55
23.65 7.825
23.5 7.825
23.5 6.7
22.9 6.7
22.9 7.825
22.75 7.825
5
28.775 0.3
28.775 -0.3
29.225 -0.3
29.225 0.3
28.775 0.3
9
29.225 -0.45
27.95 -0.45
27.95 0.45
29.225 0.45
29.225 0.3
28.1 0.3
28.1 -0.3
29.225 -0.3
29.225 -0.45
9
-29.225 -0.45
-27.95 -0.45
-27.95 0.45
-29.225 0.45
-29.225 0.3
-28.1 0.3
-28.1 -0.3
-29.225 -0.3
-29.225 -0.45
13
-37.38 -15.38
-37.38 -14.97
-38.21 -14.97
-38.21 -14.8456
-38.35 -14.8456
-38.35 -16.02
-38.02 -16.02
-38.02 -15.88
-38.21 -15.88
-38.21 -15.11
-37.505 -15.11
-37.505 -15.38
-37.38 -15.38
13
-41.52 -8.7625
-41.52 -12.68
-38.35 -12.68
-38.35 -13.1456
-38.21 -13.1456
-38.21 -13.02
-37.38 -13.02
-37.38 -7.92
-37.505 -7.92
-37.505 -12.555
-41.38 -12.555
-41.38 -8.7625
-41.52 -8.7625
5
-38.21 -12.88
-37.505 -12.88
-37.505 -12.68
-38.21 -12.68
-38.21 -12.88
5
-37.38 15.52
-37.52 15.52
-37.52 22.98
-37.38 22.98
-37.38 15.52
5
-48.07 24.12
-47.63 24.12
-47.63 23.75
-48.07 23.75
-48.07 24.12
5
-46.62 24.12
-46.18 24.12
-46.18 23.75
-46.62 23.75
-46.62 24.12
5
-45.17 24.12
-44.73 24.12
-44.73 23.75
-45.17 23.75
-45.17 24.12
5
-43.72 24.12
-43.28 24.12
-43.28 23.75
-43.72 23.75
-43.72 24.12
5
-42.27 24.12
-41.83 24.12
-41.83 23.75
-42.27 23.75
-42.27 24.12
5
-40.82 24.12
-40.38 24.12
-40.38 23.75
-40.82 23.75
-40.82 24.12
5
-39.37 24.12
-38.93 24.12
-38.93 23.75
-39.37 23.75
-39.37 24.12
5
-37.92 24.12
-37.48 24.12
-37.48 23.75
-37.92 23.75
-37.92 24.12
5
-36.47 24.12
-36.03 24.12
-36.03 23.75
-36.47 23.75
-36.47 24.12
5
-35.02 24.12
-34.58 24.12
-34.58 23.75
-35.02 23.75
-35.02 24.12
5
-33.57 24.12
-33.13 24.12
-33.13 23.75
-33.57 23.75
-33.57 24.12
5
-32.12 24.12
-31.68 24.12
-31.68 23.75
-32.12 23.75
-32.12 24.12
9
-32.27 23.65
-31.53 23.65
-31.53 23.75
-31.58 23.75
-31.58 24.22
-32.22 24.22
-32.22 23.75
-32.27 23.75
-32.27 23.65
5
-30.67 24.12
-30.23 24.12
-30.23 23.75
-30.67 23.75
-30.67 24.12
9
-30.82 23.65
-30.08 23.65
-30.08 23.75
-30.13 23.75
-30.13 24.22
-30.77 24.22
-30.77 23.75
-30.82 23.75
-30.82 23.65
9
-33.72 23.65
-32.98 23.65
-32.98 23.75
-33.03 23.75
-33.03 24.22
-33.67 24.22
-33.67 23.75
-33.72 23.75
-33.72 23.65
9
-35.17 23.65
-34.43 23.65
-34.43 23.75
-34.48 23.75
-34.48 24.22
-35.12 24.22
-35.12 23.75
-35.17 23.75
-35.17 23.65
9
-36.62 23.65
-35.88 23.65
-35.88 23.75
-35.93 23.75
-35.93 24.22
-36.57 24.22
-36.57 23.75
-36.62 23.75
-36.62 23.65
9
-38.07 23.65
-37.33 23.65
-37.33 23.75
-37.38 23.75
-37.38 24.22
-38.02 24.22
-38.02 23.75
-38.07 23.75
-38.07 23.65
9
-39.52 23.65
-38.78 23.65
-38.78 23.75
-38.83 23.75
-38.83 24.22
-39.47 24.22
-39.47 23.75
-39.52 23.75
-39.52 23.65
9
-40.97 23.65
-40.23 23.65
-40.23 23.75
-40.28 23.75
-40.28 24.22
-40.92 24.22
-40.92 23.75
-40.97 23.75
-40.97 23.65
9
-42.42 23.65
-41.68 23.65
-41.68 23.75
-41.73 23.75
-41.73 24.22
-42.37 24.22
-42.37 23.75
-42.42 23.75
-42.42 23.65
9
-43.87 23.65
-43.13 23.65
-43.13 23.75
-43.18 23.75
-43.18 24.22
-43.82 24.22
-43.82 23.75
-43.87 23.75
-43.87 23.65
9
-45.32 23.65
-44.58 23.65
-44.58 23.75
-44.63 23.75
-44.63 24.22
-45.27 24.22
-45.27 23.75
-45.32 23.75
-45.32 23.65
9
-46.77 23.65
-46.03 23.65
-46.03 23.75
-46.08 23.75
-46.08 24.22
-46.72 24.22
-46.72 23.75
-46.77 23.75
-46.77 23.65
9
-48.22 23.65
-47.48 23.65
-47.48 23.75
-47.53 23.75
-47.53 24.22
-48.17 24.22
-48.17 23.75
-48.22 23.75
-48.22 23.65
5
-29.22 24.12
-28.78 24.12
-28.78 23.75
-29.22 23.75
-29.22 24.12
9
-29.37 23.65
-28.625 23.65
-28.625 23.75
-28.68 23.75
-28.68 24.22
-29.32 24.22
-29.32 23.75
-29.37 23.75
-29.37 23.65
7
-49.7 24.3
-50.2999 24.3
-50.2999 23.7
-50.1999 23.7
-50.1999 24.2
-49.7 24.2
-49.7 24.3
5
-49.52 24.12
-49.08 24.12
-49.08 23.75
-49.52 23.75
-49.52 24.12
9
-49.65 23.65
-48.93 23.65
-48.93 23.75
-48.98 23.75
-48.98 24.22
-49.62 24.22
-49.62 23.75
-49.65 23.75
-49.65 23.65
15
-32.5761 -12.79
-34.83 -12.79
-34.83 -8.98
-33.9824 -8.98
-33.9824 -8.84
-34.83 -8.84
-34.83 -7.9
-34.95 -7.9
-34.95 -7.3
-34.83 -7.3
-34.83 -6.90622
-34.97 -6.90622
-34.97 -12.93
-32.5761 -12.93
-32.5761 -12.79
11
-29.225 -7.76
-34.5 -7.76
-34.5 -7.9
-33.02 -7.9
-33.02 -8.84
-33.1824 -8.84
-33.1824 -8.98
-32.88 -8.98
-32.88 -7.9
-29.225 -7.9
-29.225 -7.76
5
-34.97 -0.32
-34.48 -0.32
-34.48 0.32
-34.97 0.32
-34.97 -0.32
5
-34.97 -0.615366
-34.83 -0.615366
-34.83 -0.32
-34.97 -0.32
-34.97 -0.615366
33
-32.7099 -11.36
-32.7099 -11.5
-31.1599 -11.5
-31.1599 -12.79
-31.5761 -12.79
-31.5761 -12.93
-28.355 -12.93
-28.355 -12.79
-29.05 -12.79
-29.05 -7.995
-28.68 -7.995
-28.68 -3.12
-28.82 -3.12
-28.82 -5.11
-32.51 -5.11
-32.51 -3.12
-32.65 -3.12
-32.65 -5.11
-34.83 -5.11
-34.83 -1.61537
-34.97 -1.61537
-34.97 -6.10622
-34.83 -6.10622
-34.83 -5.25
-28.82 -5.25
-28.82 -7.3
-28.775 -7.3
-28.775 -7.9
-29.19 -7.9
-29.19 -12.79
-31.0199 -12.79
-31.0199 -11.36
-32.7099 -11.36
15
-34.48 -0.18
-29.525 -0.18
-29.525 0.32
-29.225 0.32
-29.225 0.2
-29.405 0.2
-29.405 -0.18
-29.225 -0.18
-29.225 -0.32
-32.51 -0.32
-32.51 -1.42
-32.65 -1.42
-32.65 -0.32
-34.48 -0.32
-34.48 -0.18
5
-34.83 6.90622
-34.97 6.90622
-34.97 7.28
-34.83 7.28
-34.83 6.90622
5
-34.97 1.71252
-34.83 1.71252
-34.83 0.32
-34.97 0.32
-34.97 1.71252
27
-28.83 7.28
-28.83 2.97245
-34.83 2.97245
-34.83 2.71252
-34.97 2.71252
-34.97 3.82752
-34.83 3.82752
-34.83 3.11245
-31.51 3.11245
-31.51 3.51245
-31.37 3.51245
-31.37 3.11245
-28.97 3.11245
-28.97 5.11245
-31.37 5.11245
-31.37 4.51245
-31.51 4.51245
-31.51 5.11245
-34.83 5.11245
-34.83 4.82752
-34.97 4.82752
-34.97 6.10622
-34.83 6.10622
-34.83 5.25245
-28.97 5.25245
-28.97 7.28
-28.83 7.28
13
31.25 15.18
31.25 15.52
34.97 15.52
34.97 7.28
28.83 7.28
28.83 15.52
29.25 15.52
29.25 15.18
29.17 15.18
29.17 7.62
34.63 7.62
34.63 15.18
31.25 15.18
5
-29.32 23.055
-28.68 23.055
-28.68 23.545
-29.32 23.545
-29.32 23.055
5
-23.52 23.055
-22.88 23.055
-22.88 23.545
-23.52 23.545
-23.52 23.055
5
-17.72 23.055
-17.08 23.055
-17.08 23.545
-17.72 23.545
-17.72 23.055
5
-11.92 23.055
-11.28 23.055
-11.28 23.545
-11.92 23.545
-11.92 23.055
5
-6.12 23.055
-5.48 23.055
-5.48 23.545
-6.12 23.545
-6.12 23.055
5
-0.32 23.055
0.32 23.055
0.32 23.545
-0.32 23.545
-0.32 23.055
5
5.48 23.055
6.12 23.055
6.12 23.545
5.48 23.545
5.48 23.055
5
11.28 23.055
11.92 23.055
11.92 23.545
11.28 23.545
11.28 23.055
5
17.08 23.055
17.72 23.055
17.72 23.545
17.08 23.545
17.08 23.055
5
22.88 23.055
23.52 23.055
23.52 23.545
22.88 23.545
22.88 23.055
5
28.68 23.055
29.32 23.055
29.32 23.545
28.68 23.545
28.68 23.055
5
37.38 22.98
38.02 22.98
38.02 23.62
37.38 23.62
37.38 22.98
5
48.98 22.98
49.62 22.98
49.62 23.62
48.98 23.62
48.98 22.98
5
37.38 23.62
38.02 23.62
38.02 22.98
37.38 22.98
37.38 23.62
5
49.62 23.62
48.98 23.62
48.98 22.98
49.62 22.98
49.62 23.62
5
48.07 24.12
47.63 24.12
47.63 23.75
48.07 23.75
48.07 24.12
5
46.62 24.12
46.18 24.12
46.18 23.75
46.62 23.75
46.62 24.12
5
45.17 24.12
44.73 24.12
44.73 23.75
45.17 23.75
45.17 24.12
5
43.72 24.12
43.28 24.12
43.28 23.75
43.72 23.75
43.72 24.12
5
42.27 24.12
41.83 24.12
41.83 23.75
42.27 23.75
42.27 24.12
5
40.82 24.12
40.38 24.12
40.38 23.75
40.82 23.75
40.82 24.12
5
39.37 24.12
38.93 24.12
38.93 23.75
39.37 23.75
39.37 24.12
5
37.92 24.12
37.48 24.12
37.48 23.75
37.92 23.75
37.92 24.12
5
36.47 24.12
36.03 24.12
36.03 23.75
36.47 23.75
36.47 24.12
9
36.62 23.65
35.88 23.65
35.88 23.75
35.93 23.75
35.93 24.22
36.57 24.22
36.57 23.75
36.62 23.75
36.62 23.65
9
38.07 23.65
37.33 23.65
37.33 23.75
37.38 23.75
37.38 24.22
38.02 24.22
38.02 23.75
38.07 23.75
38.07 23.65
9
39.52 23.65
38.78 23.65
38.78 23.75
38.83 23.75
38.83 24.22
39.47 24.22
39.47 23.75
39.52 23.75
39.52 23.65
9
40.97 23.65
40.23 23.65
40.23 23.75
40.28 23.75
40.28 24.22
40.92 24.22
40.92 23.75
40.97 23.75
40.97 23.65
9
42.42 23.65
41.68 23.65
41.68 23.75
41.73 23.75
41.73 24.22
42.37 24.22
42.37 23.75
42.42 23.75
42.42 23.65
9
43.87 23.65
43.13 23.65
43.13 23.75
43.18 23.75
43.18 24.22
43.82 24.22
43.82 23.75
43.87 23.75
43.87 23.65
9
45.32 23.65
44.58 23.65
44.58 23.75
44.63 23.75
44.63 24.22
45.27 24.22
45.27 23.75
45.32 23.75
45.32 23.65
9
46.77 23.65
46.03 23.65
46.03 23.75
46.08 23.75
46.08 24.22
46.72 24.22
46.72 23.75
46.77 23.75
46.77 23.65
9
48.22 23.65
47.48 23.65
47.48 23.75
47.53 23.75
47.53 24.22
48.17 24.22
48.17 23.75
48.22 23.75
48.22 23.65
7
49.7 24.3
50.2999 24.3
50.2999 23.7
50.1999 23.7
50.1999 24.2
49.7 24.2
49.7 24.3
5
49.52 24.12
49.08 24.12
49.08 23.75
49.52 23.75
49.52 24.12
9
49.65 23.65
48.93 23.65
48.93 23.75
48.98 23.75
48.98 24.22
49.62 24.22
49.62 23.75
49.65 23.75
49.65 23.65
5
33.57 24.12
33.13 24.12
33.13 23.75
33.57 23.75
33.57 24.12
5
32.12 24.12
31.68 24.12
31.68 23.75
32.12 23.75
32.12 24.12
9
32.27 23.65
31.53 23.65
31.53 23.75
31.58 23.75
31.58 24.22
32.22 24.22
32.22 23.75
32.27 23.75
32.27 23.65
5
30.67 24.12
30.23 24.12
30.23 23.75
30.67 23.75
30.67 24.12
9
30.82 23.65
30.08 23.65
30.08 23.75
30.13 23.75
30.13 24.22
30.77 24.22
30.77 23.75
30.82 23.75
30.82 23.65
9
33.72 23.65
32.98 23.65
32.98 23.75
33.03 23.75
33.03 24.22
33.67 24.22
33.67 23.75
33.72 23.75
33.72 23.65
5
34.58 24.12
35.02 24.12
35.02 23.75
34.58 23.75
34.58 24.12
9
34.43 23.65
35.17 23.65
35.17 23.75
35.12 23.75
35.12 24.22
34.48 24.22
34.48 23.75
34.43 23.75
34.43 23.65
21
33.75 21.34
28.85 21.34
28.85 18.82
29.52 18.82
29.52 19.14
29.15 19.14
29.15 21.04
31.15 21.04
31.15 19.14
30.78 19.14
30.78 18.82
31.82 18.82
31.82 19.14
31.45 19.14
31.45 21.04
33.45 21.04
33.45 19.14
33.08 19.14
33.08 18.82
33.75 18.82
33.75 21.34
5
33.75 22.15
33.61 22.15
33.61 21.34
33.75 21.34
33.75 22.15
5
33.75 22.95
33.61 22.95
33.61 23.65
33.75 23.65
33.75 22.95
5
34.97 22.95
34.83 22.95
34.83 23.65
34.97 23.65
34.97 22.95
7
34.83 22.15
34.83 18.96
33.75 18.96
33.75 18.82
34.97 18.82
34.97 22.15
34.83 22.15
5
38.935 18.82
43.665 18.82
43.665 18.96
38.935 18.96
38.935 18.82
7
37.38 22.98
37.38 18.82
37.635 18.82
37.635 18.96
37.52 18.96
37.52 22.98
37.38 22.98
5
44.965 18.82
49.525 18.82
49.525 18.96
44.965 18.96
44.965 18.82
5
-17.08 14.88
-17.72 14.88
-17.72 15.52
-17.08 15.52
-17.08 14.88
5
-11.28 14.88
-11.92 14.88
-11.92 15.52
-11.28 15.52
-11.28 14.88
5
0.32 14.88
-0.32 14.88
-0.32 15.52
0.32 15.52
0.32 14.88
5
6.12 14.88
5.48 14.88
5.48 15.52
6.12 15.52
6.12 14.88
5
11.92 14.88
11.28 14.88
11.28 15.52
11.92 15.52
11.92 14.88
5
17.72 14.88
17.08 14.88
17.08 15.52
17.72 15.52
17.72 14.88
5
23.52 14.88
22.88 14.88
22.88 15.52
23.52 15.52
23.52 14.88
21
-33.75 21.34
-28.85 21.34
-28.85 18.82
-29.52 18.82
-29.52 19.14
-29.15 19.14
-29.15 21.04
-31.15 21.04
-31.15 19.14
-30.78 19.14
-30.78 18.82
-31.82 18.82
-31.82 19.14
-31.45 19.14
-31.45 21.04
-33.45 21.04
-33.45 19.14
-33.08 19.14
-33.08 18.82
-33.75 18.82
-33.75 21.34
19
-28.68 23.055
-28.68 18.06
-25.2 18.06
-25.2 17.92
-27.69 17.92
-27.69 17.77
-27.83 17.77
-27.83 17.92
-28.82 17.92
-28.82 18.82
-28.85 18.82
-28.85 18.96
-28.82 18.96
-28.82 21.2
-28.85 21.2
-28.85 21.34
-28.82 21.34
-28.82 23.055
-28.68 23.055
9
-23.27 23.055
-23.27 18.06
-23.9 18.06
-23.9 17.92
-19.4 17.92
-19.4 18.06
-23.13 18.06
-23.13 23.055
-23.27 23.055
9
-14.57 23.3
-14.57 18.06
-15.755 18.06
-15.755 17.92
-13.245 17.92
-13.245 18.06
-14.43 18.06
-14.43 23.3
-14.57 23.3
9
-17.47 23.055
-17.47 18.06
-18.1 18.06
-18.1 17.92
-16.755 17.92
-16.755 18.06
-17.33 18.06
-17.33 23.055
-17.47 23.055
9
-8.77 23.3
-8.77 18.06
-9.955 18.06
-9.955 17.92
-7.445 17.92
-7.445 18.06
-8.63 18.06
-8.63 23.3
-8.77 23.3
9
-11.67 23.055
-11.67 18.06
-12.245 18.06
-12.245 17.92
-10.955 17.92
-10.955 18.06
-11.53 18.06
-11.53 23.055
-11.67 23.055
9
-2.97 23.3
-2.97 18.06
-4.155 18.06
-4.155 17.92
-1.645 17.92
-1.645 18.06
-2.83 18.06
-2.83 23.3
-2.97 23.3
9
-5.87 23.055
-5.87 18.06
-6.445 18.06
-6.445 17.92
-5.155 17.92
-5.155 18.06
-5.73 18.06
-5.73 23.055
-5.87 23.055
9
2.83 23.3
2.83 18.06
1.645 18.06
1.645 17.92
4.155 17.92
4.155 18.06
2.97 18.06
2.97 23.3
2.83 23.3
9
-0.07 23.055
-0.07 18.06
-0.645 18.06
-0.645 17.92
0.645 17.92
0.645 18.06
0.07 18.06
0.07 23.055
-0.07 23.055
9
8.63 23.3
8.63 18.06
7.445 18.06
7.445 17.92
9.955 17.92
9.955 18.06
8.77 18.06
8.77 23.3
8.63 23.3
9
5.73 23.055
5.73 18.06
5.155 18.06
5.155 17.92
6.445 17.92
6.445 18.06
5.87 18.06
5.87 23.055
5.73 23.055
9
14.43 23.3
14.43 18.06
13.245 18.06
13.245 17.92
15.755 17.92
15.755 18.06
14.57 18.06
14.57 23.3
14.43 23.3
9
11.53 23.055
11.53 18.06
10.955 18.06
10.955 17.92
12.245 17.92
12.245 18.06
11.67 18.06
11.67 23.055
11.53 23.055
9
17.33 23.055
17.33 18.06
16.755 18.06
16.755 17.92
18.1 17.92
18.1 18.06
17.47 18.06
17.47 23.055
17.33 23.055
9
23.13 23.055
23.13 18.06
19.4 18.06
19.4 17.92
23.9 17.92
23.9 18.06
23.27 18.06
23.27 23.055
23.13 23.055
19
28.68 23.055
28.68 18.06
25.2 18.06
25.2 17.92
27.69 17.92
27.69 17.77
27.83 17.77
27.83 17.92
28.82 17.92
28.82 18.82
28.85 18.82
28.85 18.96
28.82 18.96
28.82 21.2
28.85 21.2
28.85 21.34
28.82 21.34
28.82 23.055
28.68 23.055
5
-23.27 7.825
-23.13 7.825
-23.13 14.88
-23.27 14.88
-23.27 7.825
5
11.53 7.825
11.67 7.825
11.67 14.88
11.53 14.88
11.53 7.825
5
17.33 7.825
17.47 7.825
17.47 14.88
17.33 14.88
17.33 7.825
5
23.13 7.825
23.27 7.825
23.27 14.88
23.13 14.88
23.13 7.825
5
-6.12 13.88
-5.98 13.88
-5.98 14.88
-6.12 14.88
-6.12 13.88
5
-6.12 7.825
-5.98 7.825
-5.98 12.88
-6.12 12.88
-6.12 7.825
5
-17.08 13.88
-17.22 13.88
-17.22 14.88
-17.08 14.88
-17.08 13.88
5
-17.08 7.825
-17.22 7.825
-17.22 12.88
-17.08 12.88
-17.08 7.825
5
-11.53 13.88
-11.67 13.88
-11.67 14.88
-11.53 14.88
-11.53 13.88
5
-11.53 7.825
-11.67 7.825
-11.67 12.88
-11.53 12.88
-11.53 7.825
5
-18.1 15.38
-17.72 15.38
-17.72 15.52
-18.1 15.52
-18.1 15.38
5
-19.4 15.38
-22.88 15.38
-22.88 15.52
-19.4 15.52
-19.4 15.38
5
-23.9 15.38
-23.52 15.38
-23.52 15.52
-23.9 15.52
-23.9 15.38
9
-28.83 15.52
-27.83 15.52
-27.83 15.67
-27.69 15.67
-27.69 15.52
-24.9 15.52
-24.9 15.38
-28.83 15.38
-28.83 15.52
5
-16.7 15.38
-17.08 15.38
-17.08 15.52
-16.7 15.52
-16.7 15.38
5
-15.4 15.38
-11.92 15.38
-11.92 15.52
-15.4 15.52
-15.4 15.38
5
-5.48 14.88
-6.12 14.88
-6.12 15.52
-5.48 15.52
-5.48 14.88
5
0.32 14.88
-0.32 14.88
-0.32 15.52
0.32 15.52
0.32 14.88
5
-6.5 15.38
-6.12 15.38
-6.12 15.52
-6.5 15.52
-6.5 15.38
5
-7.8 15.38
-11.28 15.38
-11.28 15.52
-7.8 15.52
-7.8 15.38
5
-5.1 15.38
-5.48 15.38
-5.48 15.52
-5.1 15.52
-5.1 15.38
5
-3.8 15.38
-0.32 15.38
-0.32 15.52
-3.8 15.52
-3.8 15.38
5
0.7 15.38
0.32 15.38
0.32 15.52
0.7 15.52
0.7 15.38
5
1.7 15.38
5.48 15.38
5.48 15.52
1.7 15.52
1.7 15.38
5
12.3 15.38
11.92 15.38
11.92 15.52
12.3 15.52
12.3 15.38
5
13.3 15.38
17.08 15.38
17.08 15.52
13.3 15.52
13.3 15.38
5
10.9 15.38
11.28 15.38
11.28 15.52
10.9 15.52
10.9 15.38
5
9.9 15.38
6.12 15.38
6.12 15.52
9.9 15.52
9.9 15.38
5
23.9 15.38
23.52 15.38
23.52 15.52
23.9 15.52
23.9 15.38
5
22.5 15.38
22.88 15.38
22.88 15.52
22.5 15.52
22.5 15.38
5
21.5 15.38
17.72 15.38
17.72 15.52
21.5 15.52
21.5 15.38
9
27.69 15.67
27.69 15.52
24.9 15.52
24.9 15.38
28.83 15.38
28.83 15.52
27.83 15.52
27.83 15.67
27.69 15.67
5
-11.82 24.12
-11.38 24.12
-11.38 23.75
-11.82 23.75
-11.82 24.12
9
-11.975 23.65
-11.225 23.65
-11.225 23.75
-11.28 23.75
-11.28 24.22
-11.92 24.22
-11.92 23.75
-11.975 23.75
-11.975 23.65
5
-6.02 24.12
-5.58 24.12
-5.58 23.75
-6.02 23.75
-6.02 24.12
9
-6.175 23.65
-5.425 23.65
-5.425 23.75
-5.48 23.75
-5.48 24.22
-6.12 24.22
-6.12 23.75
-6.175 23.75
-6.175 23.65
5
-0.22 24.12
0.22 24.12
0.22 23.75
-0.22 23.75
-0.22 24.12
9
-0.375 23.65
0.375 23.65
0.375 23.75
0.32 23.75
0.32 24.22
-0.32 24.22
-0.32 23.75
-0.375 23.75
-0.375 23.65
5
5.58 24.12
6.02 24.12
6.02 23.75
5.58 23.75
5.58 24.12
9
5.425 23.65
6.175 23.65
6.175 23.75
6.12 23.75
6.12 24.22
5.48 24.22
5.48 23.75
5.425 23.75
5.425 23.65
5
11.38 24.12
11.82 24.12
11.82 23.75
11.38 23.75
11.38 24.12
9
11.225 23.65
11.975 23.65
11.975 23.75
11.92 23.75
11.92 24.22
11.28 24.22
11.28 23.75
11.225 23.75
11.225 23.65
5
17.18 24.12
17.62 24.12
17.62 23.75
17.18 23.75
17.18 24.12
9
17.025 23.65
17.775 23.65
17.775 23.75
17.72 23.75
17.72 24.22
17.08 24.22
17.08 23.75
17.025 23.75
17.025 23.65
5
22.98 24.12
23.42 24.12
23.42 23.75
22.98 23.75
22.98 24.12
9
22.825 23.65
23.575 23.65
23.575 23.75
23.52 23.75
23.52 24.22
22.88 24.22
22.88 23.75
22.825 23.75
22.825 23.65
5
29.22 24.12
28.78 24.12
28.78 23.75
29.22 23.75
29.22 24.12
9
29.37 23.65
28.625 23.65
28.625 23.75
28.68 23.75
28.68 24.22
29.32 24.22
29.32 23.75
29.37 23.75
29.37 23.65
5
-23.42 24.12
-22.98 24.12
-22.98 23.75
-23.42 23.75
-23.42 24.12
9
-23.575 23.65
-22.825 23.65
-22.825 23.75
-22.88 23.75
-22.88 24.22
-23.52 24.22
-23.52 23.75
-23.575 23.75
-23.575 23.65
5
-17.62 24.12
-17.18 24.12
-17.18 23.75
-17.62 23.75
-17.62 24.12
9
-17.775 23.65
-17.025 23.65
-17.025 23.75
-17.08 23.75
-17.08 24.22
-17.72 24.22
-17.72 23.75
-17.775 23.75
-17.775 23.65
5
34.5 -7.9
34.95 -7.9
34.95 -7.3
34.5 -7.3
34.5 -7.9
5
38.02 -7.92
37.38 -7.92
37.38 -7.28
38.02 -7.28
38.02 -7.92
5
38.02 -0.32
37.38 -0.32
37.38 0.32
38.02 0.32
38.02 -0.32
5
38.02 7.28
37.38 7.28
37.38 7.92
38.02 7.92
38.02 7.28
9
37.38 -16.02
37.38 -22.98
37.52 -22.98
37.52 -17.96
38.095 -17.96
38.095 -17.82
37.52 -17.82
37.52 -16.02
37.38 -16.02
9
41.855 -17.82
39.095 -17.82
39.095 -17.96
40.53 -17.96
40.53 -23.65
40.67 -23.65
40.67 -17.96
41.855 -17.96
41.855 -17.82
9
43.895 -17.82
42.855 -17.82
42.855 -17.96
43.43 -17.96
43.43 -23.65
43.57 -23.65
43.57 -17.96
43.895 -17.96
43.895 -17.82
9
46.795 -17.82
44.895 -17.82
44.895 -17.96
46.33 -17.96
46.33 -23.65
46.47 -23.65
46.47 -17.96
46.795 -17.96
46.795 -17.82
5
47.795 -17.96
49.3 -17.96
49.3 -17.82
47.795 -17.82
47.795 -17.96
5
49.62 -16.02
48.98 -16.02
48.98 -15.38
49.62 -15.38
49.62 -16.02
5
49.62 -0.32
48.98 -0.32
48.98 0.32
49.62 0.32
49.62 -0.32
13
49.65 -15.92
50.47 -15.92
50.47 -15.48
49.65 -15.48
49.65 -15.325
49.775 -15.325
49.775 -15.3
50.65 -15.3
50.65 -16.1
49.775 -16.1
49.775 -16.075
49.65 -16.075
49.65 -15.92
13
49.65 -0.22
50.47 -0.22
50.47 0.22
49.65 0.22
49.65 0.375
49.775 0.375
49.775 0.4
50.65 0.4
50.65 -0.4
49.775 -0.4
49.775 -0.375
49.65 -0.375
49.65 -0.22
5
49.62 7.28
48.98 7.28
48.98 7.92
49.62 7.92
49.62 7.28
13
49.65 7.38
50.47 7.38
50.47 7.82
49.65 7.82
49.65 7.975
49.775 7.975
49.775 8
50.65 8
50.65 7.2
49.775 7.2
49.775 7.225
49.65 7.225
49.65 7.38
5
49.62 14.88
48.98 14.88
48.98 15.52
49.62 15.52
49.62 14.88
13
49.65 14.98
50.47 14.98
50.47 15.42
49.65 15.42
49.65 15.575
49.775 15.575
49.775 15.6
50.65 15.6
50.65 14.8
49.775 14.8
49.775 14.825
49.65 14.825
49.65 14.98
5
49.62 -7.92
48.98 -7.92
48.98 -7.28
49.62 -7.28
49.62 -7.92
13
49.65 -7.82
50.47 -7.82
50.47 -7.38
49.65 -7.38
49.65 -7.225
49.775 -7.225
49.775 -7.2
50.65 -7.2
50.65 -8
49.775 -8
49.775 -7.975
49.65 -7.975
49.65 -7.82
5
38.02 14.88
37.38 14.88
37.38 15.52
38.02 15.52
38.02 14.88
7
49.525 15.52
49.525 16.395
49.75 16.395
49.75 15.575
49.65 15.575
49.65 15.52
49.525 15.52
5
49.75 18.095
49.525 18.095
49.525 19.225
49.75 19.225
49.75 18.095
13
50.57 22.98
49.75 22.98
49.75 22.925
49.65 22.925
49.65 23.08
50.47 23.08
50.47 23.52
49.65 23.52
49.65 23.65
49.75 23.65
49.75 23.62
50.57 23.62
50.57 22.98
13
-50.57 22.98
-49.75 22.98
-49.75 22.925
-49.65 22.925
-49.65 23.08
-50.47 23.08
-50.47 23.52
-49.65 23.52
-49.65 23.65
-49.75 23.65
-49.75 23.62
-50.57 23.62
-50.57 22.98
5
35.125 12.51
34.97 12.51
34.97 12.63
35.125 12.63
35.125 12.51
9
37.38 7.92
37.38 12.51
37.225 12.51
37.225 12.63
40.165 12.63
40.165 12.51
37.5 12.51
37.5 7.92
37.38 7.92
13
49.525 15.62
42.42 15.62
42.42 12.63
42.265 12.63
42.265 12.51
42.42 12.51
42.42 12.485
42.56 12.485
42.56 15.5
48.98 15.5
48.98 15.52
49.525 15.52
49.525 15.62
9
49.3 11.46
42.56 11.46
42.56 11.485
42.42 11.485
42.42 10
42.56 10
42.56 11.3401
49.3 11.3401
49.3 11.46
9
48.98 7.66
42.56 7.66
42.56 9
42.42 9
42.42 6.965
42.56 6.965
42.56 7.54008
48.98 7.54008
48.98 7.66
9
49.3 3.86
42.56 3.86
42.56 5.965
42.42 5.965
42.42 1.635
42.56 1.635
42.56 3.74008
49.3 3.74008
49.3 3.86
9
48.98 0.06
42.56 0.06
42.56 0.635
42.42 0.635
42.42 -0.635
42.56 -0.635
42.56 -0.059915
48.98 -0.059915
48.98 0.06
9
49.3 -3.74
42.56 -3.74
42.56 -1.635
42.42 -1.635
42.42 -5.2
42.56 -5.2
42.56 -3.86
49.3 -3.86
49.3 -3.74
13
48.98 -7.54
42.56 -7.54
42.56 -6.2
42.42 -6.2
42.42 -7.08
42.32 -7.08
42.32 -7.2
42.42 -7.2
42.42 -8.285
42.56 -8.285
42.56 -7.66
48.98 -7.66
48.98 -7.54
9
49.3 -10.69
42.56 -10.69
42.56 -9.585
42.42 -9.585
42.42 -11.445
42.56 -11.445
42.56 -10.81
49.3 -10.81
49.3 -10.69
9
49.3 -13.39
42.56 -13.39
42.56 -12.745
42.42 -12.745
42.42 -14.145
42.56 -14.145
42.56 -13.51
49.3 -13.51
49.3 -13.39
7
48.98 -15.88
42.56 -15.88
42.56 -15.445
42.42 -15.445
42.42 -16.02
48.98 -16.02
48.98 -15.88
13
38.02 -7.92
40.92 -7.92
40.92 -7.2
41.02 -7.2
41.02 -7.08
40.92 -7.08
40.92 -3.96
40.745 -3.96
40.745 -4.08
40.8 -4.08
40.8 -7.8
38.02 -7.8
38.02 -7.92
13
37.38 -0.32
37.38 -7.28
37.5 -7.28
37.5 -4.08
39.745 -4.08
39.745 -3.96
37.5 -3.96
37.5 -2.86
37.675 -2.86
37.675 -2.74
37.5 -2.74
37.5 -0.32
37.38 -0.32
13
37.38 0.32
37.38 7.28
37.5 7.28
37.5 4.08
39.745 4.08
39.745 3.96
37.5 3.96
37.5 2.86
37.675 2.86
37.675 2.74
37.5 2.74
37.5 0.32
37.38 0.32
9
38.02 7.92
40.92 7.92
40.92 3.96
40.745 3.96
40.745 4.08
40.8 4.08
40.8 7.8
38.02 7.8
38.02 7.92
13
38.675 2.86
40.92 2.86
40.92 -2.86
38.675 -2.86
38.675 -2.74
40.8 -2.74
40.8 -0.06
38.02 -0.06
38.02 0.06
40.8 0.06
40.8 2.74
38.675 2.74
38.675 2.86
15
32.6001 -12.79
34.83 -12.79
34.83 -8.98
33.9824 -8.98
33.9824 -8.84
34.83 -8.84
34.83 -7.9
34.95 -7.9
34.95 -7.3
34.83 -7.3
34.83 -6.90622
34.97 -6.90622
34.97 -12.93
32.6001 -12.93
32.6001 -12.79
11
29.225 -7.76
34.5 -7.76
34.5 -7.9
33.02 -7.9
33.02 -8.84
33.1824 -8.84
33.1824 -8.98
32.88 -8.98
32.88 -7.9
29.225 -7.9
29.225 -7.76
15
34.48 -0.18
29.525 -0.18
29.525 0.32
29.225 0.32
29.225 0.2
29.405 0.2
29.405 -0.18
29.225 -0.18
29.225 -0.32
32.51 -0.32
32.51 -1.42
32.65 -1.42
32.65 -0.32
34.48 -0.32
34.48 -0.18
5
34.97 -0.32
34.48 -0.32
34.48 0.32
34.97 0.32
34.97 -0.32
5
34.97 -0.615366
34.83 -0.615366
34.83 -0.32
34.97 -0.32
34.97 -0.615366
5
28.775 -7.9
29.225 -7.9
29.225 -7.3
28.775 -7.3
28.775 -7.9
27
28.83 7.28
28.83 2.97245
34.83 2.97245
34.83 2.71252
34.97 2.71252
34.97 3.82752
34.83 3.82752
34.83 3.11245
31.51 3.11245
31.51 3.51245
31.37 3.51245
31.37 3.11245
28.97 3.11245
28.97 5.11245
31.37 5.11245
31.37 4.51245
31.51 4.51245
31.51 5.11245
34.83 5.11245
34.83 4.82752
34.97 4.82752
34.97 6.10622
34.83 6.10622
34.83 5.25245
28.97 5.25245
28.97 7.28
28.83 7.28
5
34.97 1.71252
34.83 1.71252
34.83 0.32
34.97 0.32
34.97 1.71252
5
34.83 6.90622
34.97 6.90622
34.97 7.28
34.83 7.28
34.83 6.90622
5
-33.75 22.15
-33.61 22.15
-33.61 21.34
-33.75 21.34
-33.75 22.15
5
-33.75 22.95
-33.61 22.95
-33.61 23.65
-33.75 23.65
-33.75 22.95
5
-34.97 22.95
-34.83 22.95
-34.83 23.65
-34.97 23.65
-34.97 22.95
7
-34.83 22.15
-34.83 18.96
-33.75 18.96
-33.75 18.82
-34.97 18.82
-34.97 22.15
-34.83 22.15
5
-28.82 23.545
-28.68 23.545
-28.68 23.65
-28.82 23.65
-28.82 23.545
39
34.83 -1.61537
34.83 -5.11
32.65 -5.11
32.65 -3.12
32.51 -3.12
32.51 -5.11
28.82 -5.11
28.82 -3.12
28.68 -3.12
28.68 -7.995
29.05 -7.995
29.05 -12.79
28.355 -12.79
28.355 -12.93
30.0941 -12.93
30.0941 -12.79
29.19 -12.79
29.19 -10.79
31.1901 -10.79
31.1901 -12.79
31.1401 -12.79
31.1401 -12.93
31.6001 -12.93
31.6001 -12.79
31.3301 -12.79
31.3301 -10.79
32.3301 -10.79
32.3301 -10.65
29.19 -10.65
29.19 -7.9
28.775 -7.9
28.775 -7.3
28.82 -7.3
28.82 -5.25245
34.83 -5.25245
34.83 -6.10622
34.97 -6.10622
34.97 -1.61537
34.83 -1.61537
5
28.82 23.545
28.68 23.545
28.68 23.65
28.82 23.65
28.82 23.545
5
29.32 23.545
29.18 23.545
29.18 23.65
29.32 23.65
29.32 23.545
5
-29.32 23.545
-29.18 23.545
-29.18 23.65
-29.32 23.65
-29.32 23.545
5
-0.07 14.88
0.07 14.88
0.07 7.825
-0.07 7.825
-0.07 14.88
5
5.73 14.88
5.87 14.88
5.87 7.825
5.73 7.825
5.73 14.88
